Epochs,Best fitness,Average fitness
1,1750,2441.7482517482517
2,1748,2432.4295704295705
3,1674,2428.3296703296705
4,1674,2418.2017982017983
5,1610,2410.1598401598403
6,1610,2397.8481518481517
7,1610,2390.4615384615386
8,1610,2379.254745254745
9,1610,2371.4105894105896
10,1610,2367.058941058941
11,1372,2358.4635364635365
12,1372,2348.5994005994007
13,1372,2338.713286713287
14,1372,2326.985014985015
15,824,2316.031968031968
16,824,2303.056943056943
17,824,2294.973026973027
18,824,2282.2437562437563
19,824,2278.647352647353
20,824,2267.5104895104896
21,824,2251.962037962038
22,824,2237.5284715284715
23,824,2220.327672327672
24,824,2199.896103896104
25,824,2185.3146853146854
26,824,2160.3516483516482
27,824,2144.4755244755243
28,824,2131.6003996003997
29,824,2117.1608391608393
30,824,2103.046953046953
31,824,2083.3346653346653
32,824,2065.3166833166833
33,824,2046.807192807193
34,824,2030.8591408591408
35,824,2007.6503496503497
36,824,1987.6723276723276
37,824,1961.6963036963036
38,824,1939.3066933066932
39,710,1916.6933066933068
40,710,1890.6873126873127
41,710,1874.6413586413587
42,710,1850.8791208791208
43,624,1828.881118881119
44,624,1804.3616383616384
45,624,1782.10989010989
46,560,1758.3156843156844
47,560,1730.171828171828
48,448,1700.3676323676323
49,448,1674.6693306693307
50,448,1644.151848151848
51,448,1606.7872127872129
52,448,1573.4465534465535
53,448,1539.4925074925075
54,448,1503.6803196803196
55,380,1471.2967032967033
56,380,1443.024975024975
57,356,1412.2977022977022
58,356,1389.6623376623377
59,356,1355.3366633366634
60,356,1326.2737262737262
61,356,1300.9610389610389
62,356,1272.8451548451549
63,356,1246.5654345654345
64,356,1208.6213786213787
65,304,1184.4575424575426
66,304,1147.914085914086
67,304,1111.086913086913
68,304,1082.963036963037
69,304,1052.4335664335665
70,304,1026.3196803196804
71,304,994.6433566433567
72,304,968.3356643356643
73,304,939.9660339660339
74,304,904.2537462537463
75,304,872.3856143856144
76,304,839.7682317682318
77,304,812.5934065934066
78,264,789.8621378621378
79,264,765.1508491508491
80,264,738.987012987013
81,264,719.8481518481518
82,264,698.949050949051
83,264,669.5064935064935
84,264,647.3506493506494
85,264,626.6533466533466
86,264,606.2637362637363
87,264,592.6093906093906
88,264,575.038961038961
89,218,554.1238761238761
90,200,535.938061938062
91,200,509.84615384615387
92,192,485.3106893106893
93,192,469.1908091908092
94,192,446.5534465534466
95,192,426.3656343656344
96,192,407.61238761238764
97,192,393.4045954045954
98,192,378.2297702297702
99,192,363.53446553446554
100,186,353.05294705294705
101,186,341.20479520479523
102,176,329.34065934065933
103,176,321.8221778221778
104,176,310.8191808191808
105,176,295.9020979020979
106,182,287.5924075924076
107,174,274.2857142857143
108,174,269.12887112887114
109,152,259.53846153846155
110,160,249.000999000999
111,160,244.2017982017982
112,160,235.58241758241758
113,160,225.05094905094904
114,160,220.5174825174825
115,160,214.63736263736263
116,154,209.87212787212786
117,154,204.71928071928073
118,154,197.80819180819182
119,154,191.92807192807192
120,154,191.3846153846154
121,148,185.0949050949051
122,144,180.51348651348653
123,148,180.4835164835165
124,146,178.42557442557444
125,148,178.8131868131868
126,148,173.66833166833166
127,148,173.01098901098902
128,148,168.1038961038961
129,146,167.45654345654344
130,148,165.47052947052947
131,142,160.8991008991009
132,146,162.52747252747253
133,146,163.8021978021978
134,146,163.52447552447552
135,142,161.80619380619382
136,142,161.33466533466535
137,142,160.84715284715284
138,142,160.26173826173826
139,142,157.94005994005994
140,142,155.77422577422578
141,130,152.02797202797203
142,124,150.35964035964037
143,128,150.23576423576424
144,122,151.7762237762238
145,126,153.2947052947053
146,128,153.83216783216784
147,128,153.55644355644355
148,128,154.2777222777223
149,128,158.78521478521478
150,128,158.3896103896104
151,140,155.23076923076923
152,142,157.7222777222777
153,142,157.19480519480518
154,142,156.6893106893107
155,146,159.7242757242757
156,140,159.1008991008991
157,136,157.80819180819182
158,146,160.86313686313687
159,148,160.98701298701297
160,146,158.25774225774225
161,144,158.78321678321677
162,146,160.07992007992007
163,146,161.77022977022978
164,142,161.61638361638362
165,132,156.5934065934066
166,136,154.15784215784217
167,136,150.13386613386612
168,136,147.15284715284716
169,136,148.6993006993007
170,126,151.67232767232767
171,126,149.41458541458542
172,132,148.04995004995004
173,128,147.56643356643357
174,124,145.98601398601397
175,124,144.21578421578423
176,128,146.46153846153845
177,122,148.43556443556443
178,134,148.55944055944056
179,142,150.75324675324674
180,128,147.17282717282717
181,132,149.97402597402598
182,142,154.31968031968032
183,142,157.27272727272728
184,142,151.12487512487513
185,142,150.2097902097902
186,126,148.1978021978022
187,136,146.66933066933066
188,132,147.64035964035963
189,132,150.07392607392606
190,132,149.23476523476523
191,132,146.17182817182817
192,126,143.72827172827172
193,136,150.96703296703296
194,130,157.6843156843157
195,146,161.77422577422578
196,148,160.983016983017
197,150,161.05294705294705
198,150,165.04095904095905
199,152,162.43356643356643
200,146,157.96403596403596
201,154,161.64835164835165
202,150,163.08091908091907
203,150,164.58541458541458
204,146,164.3156843156843
205,146,162.8171828171828
206,142,158.56943056943058
207,138,151.12887112887114
208,134,152.3936063936064
209,142,156.94705294705295
210,144,160.17982017982018
211,144,162.28971028971029
212,142,160.53346653346654
213,142,162.85514485514486
214,132,162.1078921078921
215,154,166.7772227772228
216,154,171.89810189810188
217,142,176.47552447552448
218,142,172.63336663336662
219,134,163.63036963036964
220,128,160.8851148851149
221,128,156.83316683316684
222,128,153.58241758241758
223,142,155.66833166833166
224,142,154.97302697302698
225,150,158.35364635364635
226,150,159.16283716283715
227,150,157.63636363636363
228,154,162.37562437562437
229,144,159.3926073926074
230,156,160.35164835164835
231,154,162.11788211788212
232,156,163.87212787212786
233,156,169.75224775224774
234,146,165.53646353646354
235,150,162.4955044955045
236,152,161.8861138861139
237,126,151.78221778221777
238,126,149.67832167832168
239,126,146.37962037962038
240,126,144.97702297702298
241,146,156.87712287712287
242,152,164.35364635364635
243,152,160.5034965034965
244,152,156.48951048951048
245,144,157.30669330669332
246,138,150.52947052947053
247,146,155.06493506493507
248,134,147.86813186813185
249,154,161.54645354645353
250,154,159.5204795204795
251,154,172.34165834165833
252,140,148.62737262737264
253,140,149.56643356643357
254,154,157.94205794205794
255,138,148.43556443556443
256,138,146.67132867132867
257,138,142.19380619380618
258,140,143.54445554445553
259,146,149.32067932067932
260,144,159.97202797202797
261,144,167.3026973026973
262,138,170.2237762237762
263,132,162.83516483516485
264,126,156.94105894105894
265,126,162.15184815184816
266,146,166.83516483516485
267,146,150.9030969030969
268,146,151.35464535464536
269,146,156.17382617382617
270,146,150.23976023976024
271,146,148.74725274725276
272,148,154.6893106893107
273,144,154.41358641358642
274,146,153.4965034965035
275,146,153.46253746253745
276,120,146.95504495504497
277,122,148.26773226773227
278,122,148.02197802197801
279,122,126.7052947052947
280,120,125.95404595404595
281,120,148.05394605394605
282,148,155.32267732267732
283,156,157.45854145854145
284,156,158.9010989010989
285,156,158.8931068931069
286,160,165.75824175824175
287,152,159.49250749250749
288,152,156.22577422577422
289,152,155.4845154845155
290,152,152.0
291,152,153.21078921078922
292,152,152.73926073926074
293,146,150.86113886113887
294,146,150.86113886113887
295,146,150.82517482517483
296,150,151.6003996003996
297,152,152.0
298,152,153.47052947052947
299,152,155.002997002997
300,152,156.82717282717283
301,152,156.25174825174824
302,152,155.7082917082917
303,180,180.3996003996004
304,158,177.75824175824175
305,158,177.73626373626374
306,180,180.0
307,170,178.94105894105894
308,162,162.7032967032967
309,162,162.55144855144854
310,162,162.2997002997003
311,162,162.0
312,162,162.0
313,162,162.0
314,162,162.0
315,162,162.0
316,162,162.0
317,162,162.0
318,154,161.58441558441558
319,154,161.58441558441558
320,154,161.58441558441558
321,154,161.58441558441558
322,154,161.57642357642357
323,154,161.56043956043956
324,162,162.07192807192808
325,162,162.10189810189812
326,162,162.0
327,162,162.0
328,162,162.0
329,162,162.0
330,162,162.0
331,162,162.0
332,162,162.0
333,162,162.0
334,162,162.0
335,162,162.0
336,162,162.0
337,162,162.0
338,162,162.0
339,162,162.0
340,162,162.0
341,162,162.0
342,162,162.0
343,162,162.0
344,162,162.0
345,162,162.0
346,162,162.0
347,162,162.0
348,162,162.0
349,162,162.0
350,162,162.0
351,162,162.0
352,162,162.0
353,162,162.0
354,162,162.0
355,162,162.0
356,162,162.0
357,162,162.0
358,162,162.0
359,162,162.0
360,162,162.0
361,162,162.0
362,162,162.0
363,162,162.0
364,162,162.0
365,162,162.0
366,162,162.0
367,162,162.0
368,162,162.0
369,162,162.0
370,162,162.0
371,162,162.0
372,162,162.0
373,162,162.0
374,162,162.0
375,162,162.0
376,162,162.0
377,162,162.0
378,162,162.0
379,162,162.0
380,162,162.0
381,162,162.0
382,162,162.0
383,162,162.0
384,162,162.0
385,162,162.0
386,162,162.0
387,162,162.0
388,162,162.0
389,162,162.0
390,162,162.0
391,162,162.0
392,162,162.0
393,162,162.0
394,162,162.0
395,162,162.0
396,162,162.0
397,162,162.0
398,162,162.0
399,162,162.0
400,162,162.0
401,162,162.0
402,162,162.0
403,162,162.0
404,162,162.0
405,162,162.0
406,162,162.0
407,162,162.0
408,162,162.0
409,162,162.0
410,162,162.0
411,162,162.0
412,162,162.0
413,162,162.0
414,162,162.0
415,162,162.0
416,162,162.0
417,162,162.0
418,162,162.0
419,162,162.0
420,162,162.0
421,162,162.0
422,162,162.0
423,162,162.0
424,162,162.0
425,162,162.0
426,162,162.0
427,162,162.0
428,162,162.0
429,162,162.0
430,162,162.0
431,162,162.0
432,162,162.0
433,162,162.0
434,162,162.0
435,162,162.0
436,162,162.0
437,162,162.0
438,162,162.0
439,162,162.0
440,162,162.0
441,162,162.0
442,162,162.0
443,162,162.0
444,162,162.0
445,162,162.0
446,162,162.0
447,162,162.0
448,162,162.0
449,162,162.0
450,162,162.0
451,162,162.0
452,162,162.0
453,162,162.0
454,162,162.0
455,162,162.0
456,162,162.0
457,162,162.0
458,162,162.0
459,162,162.0
460,162,162.0
461,162,162.0
462,162,162.0
463,162,162.0
464,162,162.0
465,162,162.0
466,162,162.0
467,162,162.0
468,162,162.0
469,162,162.0
470,162,162.0
471,162,162.0
472,162,162.0
473,162,162.0
474,162,162.0
475,162,162.0
476,162,162.0
477,162,162.0
478,162,162.0
479,162,162.0
480,162,162.0
481,162,162.0
482,162,162.0
483,162,162.0
484,162,162.0
485,162,162.0
486,162,162.0
487,162,162.0
488,162,162.0
489,162,162.0
490,162,162.0
491,162,162.0
492,162,162.0
493,162,162.0
494,162,162.0
495,162,162.0
496,162,162.0
497,162,162.0
498,162,162.0
499,162,162.0
500,162,162.0
501,162,162.0
502,162,162.0
503,162,162.0
504,162,162.0
505,162,162.0
506,162,162.0
507,162,162.0
508,162,162.0
509,162,162.0
510,162,162.0
511,162,162.0
512,162,162.0
513,162,162.0
514,162,162.0
515,162,162.0
516,162,162.0
517,162,162.0
518,162,162.0
519,162,162.0
520,162,162.0
521,162,162.0
522,162,162.0
523,162,162.0
524,162,162.0
525,162,162.0
526,162,162.0
527,162,162.0
528,162,162.0
529,162,162.0
530,162,162.0
531,162,162.0
532,162,162.0
533,162,162.0
534,162,162.0
535,162,162.0
536,162,162.0
537,162,162.0
538,162,162.0
539,162,162.0
540,162,162.0
541,162,162.0
542,162,162.0
543,162,162.0
544,162,162.0
545,162,162.0
546,162,162.0
547,162,162.0
548,162,162.0
549,162,162.0
550,162,162.0
551,162,162.0
552,162,162.0
553,162,162.0
554,162,162.0
555,162,162.0
556,162,162.0
557,162,162.0
558,162,162.0
559,162,162.0
560,162,162.0
561,162,162.0
562,162,162.0
563,162,162.0
564,162,162.0
565,162,162.0
566,162,162.0
567,162,162.0
568,162,162.0
569,162,162.0
570,162,162.0
571,162,162.0
572,162,162.0
573,162,162.0
574,162,162.0
575,162,162.0
576,162,162.0
577,162,162.0
578,162,162.0
579,162,162.0
580,162,162.0
581,162,162.0
582,162,162.0
583,162,162.0
584,162,162.0
585,162,162.0
586,162,162.0
587,162,162.0
588,162,162.0
589,162,162.0
590,162,162.0
591,162,162.0
592,162,162.0
593,162,162.0
594,162,162.0
595,162,162.0
596,162,162.0
597,162,162.0
598,162,162.0
599,162,162.0
600,162,162.0
601,162,162.0
602,162,162.0
603,162,162.0
604,162,162.0
605,162,162.0
606,162,162.0
607,162,162.0
608,162,162.0
609,162,162.0
610,162,162.0
611,162,162.0
612,162,162.0
613,162,162.0
614,162,162.0
615,162,162.0
616,162,162.0
617,162,162.0
618,162,162.0
619,162,162.0
620,162,162.0
621,162,162.0
622,162,162.0
623,162,162.0
624,162,162.0
625,162,162.0
626,162,162.0
627,162,162.0
628,162,162.0
629,162,162.0
630,162,162.0
631,162,162.0
632,162,162.0
633,162,162.0
634,162,162.0
635,162,162.0
636,162,162.0
637,162,162.0
638,162,162.0
639,162,162.0
640,162,162.0
641,162,162.0
642,162,162.0
643,162,162.0
644,162,162.0
645,162,162.0
646,162,162.0
647,162,162.0
648,162,162.0
649,162,162.0
650,162,162.0
651,162,162.0
652,162,162.0
653,162,162.0
654,162,162.0
655,162,162.0
656,162,162.0
657,162,162.0
658,162,162.0
659,162,162.0
660,162,162.0
661,162,162.0
662,162,162.0
663,162,162.0
664,162,162.0
665,162,162.0
666,162,162.0
667,162,162.0
668,162,162.0
669,162,162.0
670,162,162.0
671,162,162.0
672,162,162.0
673,162,162.0
674,162,162.0
675,162,162.0
676,162,162.0
677,162,162.0
678,162,162.0
679,162,162.0
680,162,162.0
681,162,162.0
682,162,162.0
683,162,162.0
684,162,162.0
685,162,162.0
686,162,162.0
687,162,162.0
688,162,162.0
689,162,162.0
690,162,162.0
691,162,162.0
692,162,162.0
693,162,162.0
694,162,162.0
695,162,162.0
696,162,162.0
697,162,162.0
698,162,162.0
699,162,162.0
700,162,162.0
701,162,162.0
702,162,162.0
703,162,162.0
704,162,162.0
705,162,162.0
706,162,162.0
707,162,162.0
708,162,162.0
709,162,162.0
710,162,162.0
711,162,162.0
712,162,162.0
713,162,162.0
714,162,162.0
715,162,162.0
716,162,162.0
717,162,162.0
718,162,162.0
719,162,162.0
720,162,162.0
721,162,162.0
722,162,162.0
723,162,162.0
724,162,162.0
725,162,162.0
726,162,162.0
727,162,162.0
728,162,162.0
729,162,162.0
730,162,162.0
731,162,162.0
732,162,162.0
733,162,162.0
734,162,162.0
735,162,162.0
736,162,162.0
737,162,162.0
738,162,162.0
739,162,162.0
740,162,162.0
741,162,162.0
742,162,162.0
743,162,162.0
744,162,162.0
745,162,162.0
746,162,162.0
747,162,162.0
748,162,162.0
749,162,162.0
750,162,162.0
751,162,162.0
752,162,162.0
753,162,162.0
754,162,162.0
755,162,162.0
756,162,162.0
757,162,162.0
758,162,162.0
759,162,162.0
760,162,162.0
761,162,162.0
762,162,162.0
763,162,162.0
764,162,162.0
765,162,162.0
766,162,162.0
767,162,162.0
768,162,162.0
769,162,162.0
770,162,162.0
771,162,162.0
772,162,162.0
773,162,162.0
774,162,162.0
775,162,162.0
776,162,162.0
777,162,162.0
778,162,162.0
779,162,162.0
780,162,162.0
781,162,162.0
782,162,162.0
783,162,162.0
784,162,162.0
785,162,162.0
786,162,162.0
787,162,162.0
788,162,162.0
789,162,162.0
790,162,162.0
791,162,162.0
792,162,162.0
793,162,162.0
794,162,162.0
795,162,162.0
796,162,162.0
797,162,162.0
798,162,162.0
799,162,162.0
800,162,162.0
801,162,162.0
802,162,162.0
803,162,162.0
804,162,162.0
805,162,162.0
806,162,162.0
807,162,162.0
808,162,162.0
809,162,162.0
810,162,162.0
811,162,162.0
812,162,162.0
813,162,162.0
814,162,162.0
815,162,162.0
816,162,162.0
817,162,162.0
818,162,162.0
819,162,162.0
820,162,162.0
821,162,162.0
822,162,162.0
823,162,162.0
824,162,162.0
825,162,162.0
826,162,162.0
827,162,162.0
828,162,162.0
829,162,162.0
830,162,162.0
831,162,162.0
832,162,162.0
833,162,162.0
834,162,162.0
835,162,162.0
836,162,162.0
837,162,162.0
838,162,162.0
839,162,162.0
840,162,162.0
841,162,162.0
842,162,162.0
843,162,162.0
844,162,162.0
845,162,162.0
846,162,162.0
847,162,162.0
848,162,162.0
849,162,162.0
850,162,162.0
851,162,162.0
852,162,162.0
853,162,162.0
854,162,162.0
855,162,162.0
856,162,162.0
857,162,162.0
858,162,162.0
859,162,162.0
860,162,162.0
861,162,162.0
862,162,162.0
863,162,162.0
864,162,162.0
865,162,162.0
866,162,162.0
867,162,162.0
868,162,162.0
869,162,162.0
870,162,162.0
871,162,162.0
872,162,162.0
873,162,162.0
874,162,162.0
875,162,162.0
876,162,162.0
877,162,162.0
878,162,162.0
879,162,162.0
880,162,162.0
881,162,162.0
882,162,162.0
883,162,162.0
884,162,162.0
885,162,162.0
886,162,162.0
887,162,162.0
888,162,162.0
889,162,162.0
890,162,162.0
891,162,162.0
892,162,162.0
893,162,162.0
894,162,162.0
895,162,162.0
896,162,162.0
897,162,162.0
898,162,162.0
899,162,162.0
900,162,162.0
901,162,162.0
902,162,162.0
903,162,162.0
904,162,162.0
905,162,162.0
906,162,162.0
907,162,162.0
908,162,162.0
909,162,162.0
910,162,162.0
911,162,162.0
912,162,162.0
913,162,162.0
914,162,162.0
915,162,162.0
916,162,162.0
917,162,162.0
918,162,162.0
919,162,162.0
920,162,162.0
921,162,162.0
922,162,162.0
923,162,162.0
924,162,162.0
925,162,162.0
926,162,162.0
927,162,162.0
928,162,162.0
929,162,162.0
930,162,162.0
931,162,162.0
932,162,162.0
933,162,162.0
934,162,162.0
935,162,162.0
936,162,162.0
937,162,162.0
938,162,162.0
939,162,162.0
940,162,162.0
941,162,162.0
942,162,162.0
943,162,162.0
944,162,162.0
945,162,162.0
946,162,162.0
947,162,162.0
948,162,162.0
949,162,162.0
950,162,162.0
951,162,162.0
952,162,162.0
953,162,162.0
954,162,162.0
955,162,162.0
956,162,162.0
957,162,162.0
958,162,162.0
959,162,162.0
960,162,162.0
961,162,162.0
962,162,162.0
963,162,162.0
964,162,162.0
965,162,162.0
966,162,162.0
967,162,162.0
968,162,162.0
969,162,162.0
970,162,162.0
971,162,162.0
972,162,162.0
973,162,162.0
974,162,162.0
975,162,162.0
976,162,162.0
977,162,162.0
978,162,162.0
979,162,162.0
980,162,162.0
981,162,162.0
982,162,162.0
983,162,162.0
984,162,162.0
985,162,162.0
986,162,162.0
987,162,162.0
988,162,162.0
989,162,162.0
990,162,162.0
991,162,162.0
992,162,162.0
993,162,162.0
994,162,162.0
995,162,162.0
996,162,162.0
997,162,162.0
998,162,162.0
999,162,162.0
1000,162,162.0
1001,162,162.0
1002,162,162.0
1003,162,162.0
1004,162,162.0
1005,162,162.0
1006,162,162.0
1007,162,162.0
1008,162,162.0
1009,162,162.0
1010,162,162.0
1011,162,162.0
1012,162,162.0
1013,162,162.0
1014,162,162.0
1015,162,162.0
1016,162,162.0
1017,162,162.0
1018,162,162.0
1019,162,162.0
1020,162,162.0
1021,162,162.0
1022,162,162.0
1023,162,162.0
1024,162,162.0
1025,162,162.0
1026,162,162.0
1027,162,162.0
1028,162,162.0
1029,162,162.0
1030,162,162.0
1031,162,162.0
1032,162,162.0
1033,162,162.0
1034,162,162.0
1035,162,162.0
1036,162,162.0
1037,162,162.0
1038,162,162.0
1039,162,162.0
1040,162,162.0
1041,162,162.0
1042,162,162.0
1043,162,162.0
1044,162,162.0
1045,162,162.0
1046,162,162.0
1047,162,162.0
1048,162,162.0
1049,162,162.0
1050,162,162.0
1051,162,162.0
1052,162,162.0
1053,162,162.0
1054,162,162.0
1055,162,162.0
1056,162,162.0
1057,162,162.0
1058,162,162.0
1059,162,162.0
1060,162,162.0
1061,162,162.0
1062,162,162.0
1063,162,162.0
1064,162,162.0
1065,162,162.0
1066,162,162.0
1067,162,162.0
1068,162,162.0
1069,162,162.0
1070,162,162.0
1071,162,162.0
1072,162,162.0
1073,162,162.0
1074,162,162.0
1075,162,162.0
1076,162,162.0
1077,162,162.0
1078,162,162.0
1079,162,162.0
1080,162,162.0
1081,162,162.0
1082,162,162.0
1083,162,162.0
1084,162,162.0
1085,162,162.0
1086,162,162.0
1087,162,162.0
1088,162,162.0
1089,162,162.0
1090,162,162.0
1091,162,162.0
1092,162,162.0
1093,162,162.0
1094,162,162.0
1095,162,162.0
1096,162,162.0
1097,162,162.0
1098,162,162.0
1099,162,162.0
1100,162,162.0
1101,162,162.0
1102,162,162.0
1103,162,162.0
1104,162,162.0
1105,162,162.0
1106,162,162.0
1107,162,162.0
1108,162,162.0
1109,162,162.0
1110,162,162.0
1111,162,162.0
1112,162,162.0
1113,162,162.0
1114,162,162.0
1115,162,162.0
1116,162,162.0
1117,162,162.0
1118,162,162.0
1119,162,162.0
1120,162,162.0
1121,162,162.0
1122,162,162.0
1123,162,162.0
1124,162,162.0
1125,162,162.0
1126,162,162.0
1127,162,162.0
1128,162,162.0
1129,162,162.0
1130,162,162.0
1131,162,162.0
1132,162,162.0
1133,162,162.0
1134,162,162.0
1135,162,162.0
1136,162,162.0
1137,162,162.0
1138,162,162.0
1139,162,162.0
1140,162,162.0
1141,162,162.0
1142,162,162.0
1143,162,162.0
1144,162,162.0
1145,162,162.0
1146,162,162.0
1147,162,162.0
1148,162,162.0
1149,162,162.0
1150,162,162.0
1151,162,162.0
1152,162,162.0
1153,162,162.0
1154,162,162.0
1155,162,162.0
1156,162,162.0
1157,162,162.0
1158,162,162.0
1159,162,162.0
1160,162,162.0
1161,162,162.0
1162,162,162.0
1163,162,162.0
1164,162,162.0
1165,162,162.0
1166,162,162.0
1167,162,162.0
1168,162,162.0
1169,162,162.0
1170,162,162.0
1171,162,162.0
1172,162,162.0
1173,162,162.0
1174,162,162.0
1175,162,162.0
1176,162,162.0
1177,162,162.0
1178,162,162.0
1179,162,162.0
1180,162,162.0
1181,162,162.0
1182,162,162.0
1183,162,162.0
1184,162,162.0
1185,162,162.0
1186,162,162.0
1187,162,162.0
1188,162,162.0
1189,162,162.0
1190,162,162.0
1191,162,162.0
1192,162,162.0
1193,162,162.0
1194,162,162.0
1195,162,162.0
1196,162,162.0
1197,162,162.0
1198,162,162.0
1199,162,162.0
1200,162,162.0
1201,162,162.0
1202,162,162.0
1203,162,162.0
1204,162,162.0
1205,162,162.0
1206,162,162.0
1207,162,162.0
1208,162,162.0
1209,162,162.0
1210,162,162.0
1211,162,162.0
1212,162,162.0
1213,162,162.0
1214,162,162.0
1215,162,162.0
1216,162,162.0
1217,162,162.0
1218,162,162.0
1219,162,162.0
1220,162,162.0
1221,162,162.0
1222,162,162.0
1223,162,162.0
1224,162,162.0
1225,162,162.0
1226,162,162.0
1227,162,162.0
1228,162,162.0
1229,162,162.0
1230,162,162.0
1231,162,162.0
1232,162,162.0
1233,162,162.0
1234,162,162.0
1235,162,162.0
1236,162,162.0
1237,162,162.0
1238,162,162.0
1239,162,162.0
1240,162,162.0
1241,162,162.0
1242,162,162.0
1243,162,162.0
1244,162,162.0
1245,162,162.0
1246,162,162.0
1247,162,162.0
1248,162,162.0
1249,162,162.0
1250,162,162.0
1251,162,162.0
1252,162,162.0
1253,162,162.0
1254,162,162.0
1255,162,162.0
1256,162,162.0
1257,162,162.0
1258,162,162.0
1259,162,162.0
1260,162,162.0
1261,162,162.0
1262,162,162.0
1263,162,162.0
1264,162,162.0
1265,162,162.0
1266,162,162.0
1267,162,162.0
1268,162,162.0
1269,162,162.0
1270,162,162.0
1271,162,162.0
1272,162,162.0
1273,162,162.0
1274,162,162.0
1275,162,162.0
1276,162,162.0
1277,162,162.0
1278,162,162.0
1279,162,162.0
1280,162,162.0
1281,162,162.0
1282,162,162.0
1283,162,162.0
1284,162,162.0
1285,162,162.0
1286,162,162.0
1287,162,162.0
1288,162,162.0
1289,162,162.0
1290,162,162.0
1291,162,162.0
1292,162,162.0
1293,162,162.0
1294,162,162.0
1295,162,162.0
1296,162,162.0
1297,162,162.0
1298,162,162.0
1299,162,162.0
1300,162,162.0
1301,162,162.0
1302,162,162.0
1303,162,162.0
1304,162,162.0
1305,162,162.0
1306,162,162.0
1307,162,162.0
1308,162,162.0
1309,162,162.0
1310,162,162.0
1311,162,162.0
1312,162,162.0
1313,162,162.0
1314,162,162.0
1315,162,162.0
1316,162,162.0
1317,162,162.0
1318,162,162.0
1319,162,162.0
1320,162,162.0
1321,162,162.0
1322,162,162.0
1323,162,162.0
1324,162,162.0
1325,162,162.0
1326,162,162.0
1327,162,162.0
1328,162,162.0
1329,162,162.0
1330,162,162.0
1331,162,162.0
1332,162,162.0
1333,162,162.0
1334,162,162.0
1335,162,162.0
1336,162,162.0
1337,162,162.0
1338,162,162.0
1339,162,162.0
1340,162,162.0
1341,162,162.0
1342,162,162.0
1343,162,162.0
1344,162,162.0
1345,162,162.0
1346,162,162.0
1347,162,162.0
1348,162,162.0
1349,162,162.0
1350,162,162.0
1351,162,162.0
1352,162,162.0
1353,162,162.0
1354,162,162.0
1355,162,162.0
1356,162,162.0
1357,162,162.0
1358,162,162.0
1359,162,162.0
1360,162,162.0
1361,162,162.0
1362,162,162.0
1363,162,162.0
1364,162,162.0
1365,162,162.0
1366,162,162.0
1367,162,162.0
1368,162,162.0
1369,162,162.0
1370,162,162.0
1371,162,162.0
1372,162,162.0
1373,162,162.0
1374,162,162.0
1375,162,162.0
1376,162,162.0
1377,162,162.0
1378,162,162.0
1379,162,162.0
1380,162,162.0
1381,162,162.0
1382,162,162.0
1383,162,162.0
1384,162,162.0
1385,162,162.0
1386,162,162.0
1387,162,162.0
1388,162,162.0
1389,162,162.0
1390,162,162.0
1391,162,162.0
1392,162,162.0
1393,162,162.0
1394,162,162.0
1395,162,162.0
1396,162,162.0
1397,162,162.0
1398,162,162.0
1399,162,162.0
1400,162,162.0
1401,162,162.0
1402,162,162.0
1403,162,162.0
1404,162,162.0
1405,162,162.0
1406,162,162.0
1407,162,162.0
1408,162,162.0
1409,162,162.0
1410,162,162.0
1411,162,162.0
1412,162,162.0
1413,162,162.0
1414,162,162.0
1415,162,162.0
1416,162,162.0
1417,162,162.0
1418,162,162.0
1419,162,162.0
1420,162,162.0
1421,162,162.0
1422,162,162.0
1423,162,162.0
1424,162,162.0
1425,162,162.0
1426,162,162.0
1427,162,162.0
1428,162,162.0
1429,162,162.0
1430,162,162.0
1431,162,162.0
1432,162,162.0
1433,162,162.0
1434,162,162.0
1435,162,162.0
1436,162,162.0
1437,162,162.0
1438,162,162.0
1439,162,162.0
1440,162,162.0
1441,162,162.0
1442,162,162.0
1443,162,162.0
1444,162,162.0
1445,162,162.0
1446,162,162.0
1447,162,162.0
1448,162,162.0
1449,162,162.0
1450,162,162.0
1451,162,162.0
1452,162,162.0
1453,162,162.0
1454,162,162.0
1455,162,162.0
1456,162,162.0
1457,162,162.0
1458,162,162.0
1459,162,162.0
1460,162,162.0
1461,162,162.0
1462,162,162.0
1463,162,162.0
1464,162,162.0
1465,162,162.0
1466,162,162.0
1467,162,162.0
1468,162,162.0
1469,162,162.0
1470,162,162.0
1471,162,162.0
1472,162,162.0
1473,162,162.0
1474,162,162.0
1475,162,162.0
1476,162,162.0
1477,162,162.0
1478,162,162.0
1479,162,162.0
1480,162,162.0
1481,162,162.0
1482,162,162.0
1483,162,162.0
1484,162,162.0
1485,162,162.0
1486,162,162.0
1487,162,162.0
1488,162,162.0
1489,162,162.0
1490,162,162.0
1491,162,162.0
1492,162,162.0
1493,162,162.0
1494,162,162.0
1495,162,162.0
1496,162,162.0
1497,162,162.0
1498,162,162.0
1499,162,162.0
1500,162,162.0
