Epochs,Best fitness,Average fitness
1,1600,2442.2997002997004
2,1600,2430.987012987013
3,1594,2418.041958041958
4,1594,2410.21978021978
5,1594,2400.4335664335663
6,1594,2394.2597402597403
7,1594,2385.5404595404593
8,1388,2373.076923076923
9,1388,2362.987012987013
10,1312,2349.92007992008
11,1312,2339.912087912088
12,1302,2325.866133866134
13,1118,2317.908091908092
14,1118,2305.7482517482517
15,1118,2293.2027972027972
16,1118,2283.672327672328
17,884,2270.125874125874
18,884,2261.4005994005993
19,884,2253.3546453546455
20,884,2237.6603396603396
21,884,2225.73026973027
22,884,2210.4915084915083
23,688,2197.418581418581
24,688,2184.6233766233768
25,688,2169.8641358641357
26,688,2154.875124875125
27,688,2139.114885114885
28,688,2114.113886113886
29,688,2097.368631368631
30,688,2076.7832167832166
31,688,2058.6173826173826
32,688,2041.934065934066
33,688,2018.1338661338661
34,688,1994.947052947053
35,690,1973.5404595404596
36,690,1951.8541458541458
37,690,1933.6663336663337
38,590,1912.4295704295705
39,590,1893.048951048951
40,590,1869.6943056943057
41,590,1839.1088911088912
42,590,1811.95004995005
43,590,1785.4285714285713
44,574,1761.1508491508491
45,574,1741.3766233766235
46,454,1713.7542457542459
47,454,1687.2947052947052
48,452,1654.3256743256743
49,452,1622.6933066933068
50,366,1587.1088911088912
51,366,1565.3706293706293
52,366,1537.1208791208792
53,366,1513.8041958041958
54,268,1486.4355644355644
55,268,1464.3496503496503
56,268,1441.3126873126873
57,232,1416.4575424575426
58,232,1387.4705294705295
59,242,1357.6183816183816
60,242,1325.2227772227773
61,242,1297.022977022977
62,242,1277.5124875124875
63,242,1256.861138861139
64,242,1227.6883116883116
65,242,1198.7032967032967
66,242,1173.3466533466533
67,242,1140.031968031968
68,242,1108.1818181818182
69,242,1079.052947052947
70,204,1050.3336663336663
71,204,1024.5754245754247
72,204,995.3746253746253
73,204,971.8821178821179
74,204,945.5604395604396
75,204,917.9420579420579
76,204,889.1088911088912
77,204,864.7092907092907
78,204,849.0649350649351
79,204,821.976023976024
80,204,802.073926073926
81,156,774.6533466533466
82,150,748.01998001998
83,150,719.6663336663337
84,150,698.0419580419581
85,150,676.2897102897103
86,160,655.996003996004
87,160,631.2427572427572
88,160,610.9030969030969
89,160,595.8281718281718
90,166,577.2887112887113
91,158,555.5124875124875
92,154,531.2187812187813
93,170,518.1878121878121
94,150,502.8931068931069
95,150,482.75124875124874
96,150,455.0689310689311
97,150,440.01598401598403
98,150,426.97502497502495
99,154,410.28171828171827
100,154,396.6893106893107
101,154,373.2147852147852
102,154,362.3036963036963
103,146,349.9240759240759
104,150,339.7382617382617
105,150,323.6623376623377
106,156,314.61338661338664
107,158,302.3096903096903
108,166,294.4915084915085
109,172,285.86613386613385
110,166,279.45454545454544
111,166,264.76123876123876
112,152,255.88011988011988
113,152,248.46153846153845
114,154,241.6143856143856
115,154,235.1008991008991
116,154,229.0909090909091
117,154,223.5964035964036
118,154,218.28371628371627
119,154,216.6073926073926
120,144,202.5934065934066
121,144,198.93506493506493
122,146,194.979020979021
123,146,189.30469530469531
124,146,184.95904095904095
125,146,178.98901098901098
126,146,175.24475524475525
127,142,171.17482517482517
128,146,171.4005994005994
129,132,168.06593406593407
130,132,163.02697302697302
131,140,161.55444555444555
132,128,161.1888111888112
133,128,158.6013986013986
134,120,160.93506493506493
135,136,161.02697302697302
136,136,157.65434565434566
137,126,159.6103896103896
138,136,161.12087912087912
139,136,165.04895104895104
140,136,164.35964035964037
141,126,165.30869130869132
142,126,164.8911088911089
143,126,166.38361638361638
144,134,165.58641358641358
145,134,166.28371628371627
146,134,164.32767232767233
147,134,164.6073926073926
148,136,162.82317682317682
149,132,160.84115884115883
150,132,161.62837162837164
151,132,158.6033966033966
152,132,154.63336663336662
153,120,154.0899100899101
154,122,153.6903096903097
155,122,153.78821178821178
156,108,151.56643356643357
157,108,154.02397602397602
158,108,153.6843156843157
159,108,156.07192807192808
160,108,155.65834165834167
161,108,155.3866133866134
162,102,154.4975024975025
163,102,156.7232767232767
164,102,150.1078921078921
165,102,149.9080919080919
166,102,149.35664335664336
167,102,152.23376623376623
168,102,150.82717282717283
169,114,150.63336663336662
170,114,148.94305694305694
171,126,149.35264735264735
172,130,157.51448551448553
173,130,154.85114885114885
174,132,156.1878121878122
175,132,159.7022977022977
176,132,155.30669330669332
177,132,153.46253746253745
178,134,149.3166833166833
179,138,153.47052947052947
180,134,150.94105894105894
181,128,152.25174825174824
182,128,144.24575424575426
183,130,147.25674325674325
184,140,151.55244755244755
185,130,152.93706293706293
186,142,153.92407592407594
187,142,151.80619380619382
188,134,151.84815184815184
189,138,154.84315684315683
190,142,157.28471528471528
191,136,156.87912087912088
192,136,156.02197802197801
193,136,151.86213786213787
194,128,146.45554445554447
195,128,152.2057942057942
196,140,154.56943056943058
197,140,159.0889110889111
198,138,166.66533466533465
199,138,164.06793206793208
200,138,169.5904095904096
201,138,171.25074925074924
202,116,160.78121878121877
203,130,158.15984015984017
204,132,157.8001998001998
205,144,162.49150849150848
206,138,160.69530469530469
207,144,162.84115884115883
208,142,166.16783216783216
209,142,161.7922077922078
210,136,162.37962037962038
211,130,159.78021978021977
212,142,163.08291708291708
213,128,158.96103896103895
214,136,156.1158841158841
215,136,151.66433566433565
216,136,151.94205794205794
217,136,154.8931068931069
218,120,154.51148851148852
219,120,158.02597402597402
220,142,166.06193806193806
221,144,166.5034965034965
222,144,169.7242757242757
223,140,155.02897102897103
224,138,154.95304695304696
225,134,151.4965034965035
226,134,151.07892107892107
227,132,150.82517482517483
228,142,153.32867132867133
229,142,153.1088911088911
230,150,160.46153846153845
231,148,156.1998001998002
232,134,151.2207792207792
233,138,145.57042957042958
234,134,147.01298701298703
235,122,157.93806193806194
236,130,154.12987012987014
237,130,154.05594405594405
238,130,156.77322677322678
239,136,168.06393606393607
240,136,164.83516483516485
241,120,157.4085914085914
242,120,158.61938061938062
243,132,156.97102897102897
244,132,157.3166833166833
245,136,160.34565434565434
246,142,162.08391608391608
247,152,161.87412587412587
248,132,155.21678321678323
249,132,163.7922077922078
250,134,169.8181818181818
251,136,149.69230769230768
252,136,158.34365634365633
253,128,148.58541458541458
254,128,146.38161838161838
255,128,150.35364635364635
256,128,148.73926073926074
257,128,158.25574425574425
258,132,155.87212787212786
259,132,152.30769230769232
260,132,151.65634365634367
261,132,158.04995004995004
262,132,170.71328671328672
263,146,168.28971028971029
264,148,171.01298701298703
265,142,166.983016983017
266,146,168.67932067932068
267,154,171.16683316683316
268,154,166.04795204795204
269,148,159.82817182817183
270,140,155.87812187812187
271,136,152.5894105894106
272,126,148.6153846153846
273,138,145.86613386613388
274,128,145.2087912087912
275,142,157.5164835164835
276,136,158.91308691308691
277,136,158.44955044955046
278,144,164.6013986013986
279,148,160.2037962037962
280,136,156.2757242757243
281,138,143.94605394605395
282,138,148.8171828171828
283,136,140.44155844155844
284,136,140.03996003996005
285,136,141.89810189810188
286,124,135.62837162837164
287,124,142.21978021978023
288,118,138.04995004995004
289,118,139.93006993006992
290,118,141.01098901098902
291,172,177.7762237762238
292,170,178.02397602397602
293,152,160.91308691308691
294,148,151.63436563436562
295,144,150.7952047952048
296,146,151.12287712287713
297,144,150.32567432567433
298,124,131.66033966033967
299,124,133.52847152847153
300,124,131.6963036963037
301,124,131.82617382617383
302,132,137.1968031968032
303,132,139.52847152847153
304,148,164.2077922077922
305,148,165.83816183816185
306,148,164.72727272727272
307,148,163.020979020979
308,148,162.42157842157843
309,148,168.003996003996
310,148,163.64035964035963
311,148,162.5054945054945
312,140,143.7782217782218
313,146,153.92007992007993
314,146,161.10289710289712
315,146,165.34865134865134
316,146,164.26773226773227
317,140,145.98001998002
318,140,153.37062937062936
319,140,149.7982017982018
320,140,150.53346653346654
321,140,145.65034965034965
322,140,145.76623376623377
323,140,146.73726273726274
324,140,147.3006993006993
325,140,146.67332667332667
326,164,172.57542457542456
327,164,171.92407592407594
328,164,171.23876123876124
329,164,170.55944055944056
330,164,169.88011988011988
331,164,169.88011988011988
332,164,169.88011988011988
333,164,169.88011988011988
334,158,169.74825174825176
335,158,169.74825174825176
336,158,169.74825174825176
337,158,169.73626373626374
338,158,169.73626373626374
339,158,169.7242757242757
340,158,169.7242757242757
341,158,169.7242757242757
342,170,170.00799200799202
343,170,170.0
344,170,170.0
345,170,170.0
346,170,170.0
347,170,170.0
348,170,170.0
349,170,170.0
350,170,170.0
351,170,170.0
352,170,170.0
353,170,170.0
354,170,170.0
355,170,170.0
356,170,170.0
357,170,170.0
358,170,170.0
359,170,170.0
360,170,170.0
361,170,170.0
362,170,170.0
363,170,170.0
364,170,170.0
365,170,170.0
366,170,170.0
367,170,170.0
368,170,170.0
369,170,170.0
370,170,170.0
371,170,170.0
372,170,170.0
373,170,170.0
374,170,170.0
375,170,170.0
376,170,170.0
377,170,170.0
378,170,170.0
379,170,170.0
380,170,170.0
381,170,170.0
382,170,170.0
383,170,170.0
384,170,170.0
385,170,170.0
386,170,170.0
387,170,170.0
388,170,170.0
389,170,170.0
390,170,170.0
391,170,170.0
392,170,170.0
393,170,170.0
394,170,170.0
395,170,170.0
396,170,170.0
397,170,170.0
398,170,170.0
399,170,170.0
400,170,170.0
401,170,170.0
402,170,170.0
403,170,170.0
404,170,170.0
405,170,170.0
406,170,170.0
407,170,170.0
408,170,170.0
409,170,170.0
410,170,170.0
411,170,170.0
412,170,170.0
413,170,170.0
414,170,170.0
415,170,170.0
416,170,170.0
417,170,170.0
418,170,170.0
419,170,170.0
420,170,170.0
421,170,170.0
422,170,170.0
423,170,170.0
424,170,170.0
425,170,170.0
426,170,170.0
427,170,170.0
428,170,170.0
429,170,170.0
430,170,170.0
431,170,170.0
432,170,170.0
433,170,170.0
434,170,170.0
435,170,170.0
436,170,170.0
437,170,170.0
438,170,170.0
439,170,170.0
440,170,170.0
441,170,170.0
442,170,170.0
443,170,170.0
444,170,170.0
445,170,170.0
446,170,170.0
447,170,170.0
448,170,170.0
449,170,170.0
450,170,170.0
451,170,170.0
452,170,170.0
453,170,170.0
454,170,170.0
455,170,170.0
456,170,170.0
457,170,170.0
458,170,170.0
459,170,170.0
460,170,170.0
461,170,170.0
462,170,170.0
463,170,170.0
464,170,170.0
465,170,170.0
466,170,170.0
467,170,170.0
468,170,170.0
469,170,170.0
470,170,170.0
471,170,170.0
472,170,170.0
473,170,170.0
474,170,170.0
475,170,170.0
476,170,170.0
477,170,170.0
478,170,170.0
479,170,170.0
480,170,170.0
481,170,170.0
482,170,170.0
483,170,170.0
484,170,170.0
485,170,170.0
486,170,170.0
487,170,170.0
488,170,170.0
489,170,170.0
490,170,170.0
491,170,170.0
492,170,170.0
493,170,170.0
494,170,170.0
495,170,170.0
496,170,170.0
497,170,170.0
498,170,170.0
499,170,170.0
500,170,170.0
501,170,170.0
502,170,170.0
503,170,170.0
504,170,170.0
505,170,170.0
506,170,170.0
507,170,170.0
508,170,170.0
509,170,170.0
510,170,170.0
511,170,170.0
512,170,170.0
513,170,170.0
514,170,170.0
515,170,170.0
516,170,170.0
517,170,170.0
518,170,170.0
519,170,170.0
520,170,170.0
521,170,170.0
522,170,170.0
523,170,170.0
524,170,170.0
525,170,170.0
526,170,170.0
527,170,170.0
528,170,170.0
529,170,170.0
530,170,170.0
531,170,170.0
532,170,170.0
533,170,170.0
534,170,170.0
535,170,170.0
536,170,170.0
537,170,170.0
538,170,170.0
539,170,170.0
540,170,170.0
541,170,170.0
542,170,170.0
543,170,170.0
544,170,170.0
545,170,170.0
546,170,170.0
547,170,170.0
548,170,170.0
549,170,170.0
550,170,170.0
551,170,170.0
552,170,170.0
553,170,170.0
554,170,170.0
555,170,170.0
556,170,170.0
557,170,170.0
558,170,170.0
559,170,170.0
560,170,170.0
561,170,170.0
562,170,170.0
563,170,170.0
564,170,170.0
565,170,170.0
566,170,170.0
567,170,170.0
568,170,170.0
569,170,170.0
570,170,170.0
571,170,170.0
572,170,170.0
573,170,170.0
574,170,170.0
575,170,170.0
576,170,170.0
577,170,170.0
578,170,170.0
579,170,170.0
580,170,170.0
581,170,170.0
582,170,170.0
583,170,170.0
584,170,170.0
585,170,170.0
586,170,170.0
587,170,170.0
588,170,170.0
589,170,170.0
590,170,170.0
591,170,170.0
592,170,170.0
593,170,170.0
594,170,170.0
595,170,170.0
596,170,170.0
597,170,170.0
598,170,170.0
599,170,170.0
600,170,170.0
601,170,170.0
602,170,170.0
603,170,170.0
604,170,170.0
605,170,170.0
606,170,170.0
607,170,170.0
608,170,170.0
609,170,170.0
610,170,170.0
611,170,170.0
612,170,170.0
613,170,170.0
614,170,170.0
615,170,170.0
616,170,170.0
617,170,170.0
618,170,170.0
619,170,170.0
620,170,170.0
621,170,170.0
622,170,170.0
623,170,170.0
624,170,170.0
625,170,170.0
626,170,170.0
627,170,170.0
628,170,170.0
629,170,170.0
630,170,170.0
631,170,170.0
632,170,170.0
633,170,170.0
634,170,170.0
635,170,170.0
636,170,170.0
637,170,170.0
638,170,170.0
639,170,170.0
640,170,170.0
641,170,170.0
642,170,170.0
643,170,170.0
644,170,170.0
645,170,170.0
646,170,170.0
647,170,170.0
648,170,170.0
649,170,170.0
650,170,170.0
651,170,170.0
652,170,170.0
653,170,170.0
654,170,170.0
655,170,170.0
656,170,170.0
657,170,170.0
658,170,170.0
659,170,170.0
660,170,170.0
661,170,170.0
662,170,170.0
663,170,170.0
664,170,170.0
665,170,170.0
666,170,170.0
667,170,170.0
668,170,170.0
669,170,170.0
670,170,170.0
671,170,170.0
672,170,170.0
673,170,170.0
674,170,170.0
675,170,170.0
676,170,170.0
677,170,170.0
678,170,170.0
679,170,170.0
680,170,170.0
681,170,170.0
682,170,170.0
683,170,170.0
684,170,170.0
685,170,170.0
686,170,170.0
687,170,170.0
688,170,170.0
689,170,170.0
690,170,170.0
691,170,170.0
692,170,170.0
693,170,170.0
694,170,170.0
695,170,170.0
696,170,170.0
697,170,170.0
698,170,170.0
699,170,170.0
700,170,170.0
701,170,170.0
702,170,170.0
703,170,170.0
704,170,170.0
705,170,170.0
706,170,170.0
707,170,170.0
708,170,170.0
709,170,170.0
710,170,170.0
711,170,170.0
712,170,170.0
713,170,170.0
714,170,170.0
715,170,170.0
716,170,170.0
717,170,170.0
718,170,170.0
719,170,170.0
720,170,170.0
721,170,170.0
722,170,170.0
723,170,170.0
724,170,170.0
725,170,170.0
726,170,170.0
727,170,170.0
728,170,170.0
729,170,170.0
730,170,170.0
731,170,170.0
732,170,170.0
733,170,170.0
734,170,170.0
735,170,170.0
736,170,170.0
737,170,170.0
738,170,170.0
739,170,170.0
740,170,170.0
741,170,170.0
742,170,170.0
743,170,170.0
744,170,170.0
745,170,170.0
746,170,170.0
747,170,170.0
748,170,170.0
749,170,170.0
750,170,170.0
751,170,170.0
752,170,170.0
753,170,170.0
754,170,170.0
755,170,170.0
756,170,170.0
757,170,170.0
758,170,170.0
759,170,170.0
760,170,170.0
761,170,170.0
762,170,170.0
763,170,170.0
764,170,170.0
765,170,170.0
766,170,170.0
767,170,170.0
768,170,170.0
769,170,170.0
770,170,170.0
771,170,170.0
772,170,170.0
773,170,170.0
774,170,170.0
775,170,170.0
776,170,170.0
777,170,170.0
778,170,170.0
779,170,170.0
780,170,170.0
781,170,170.0
782,170,170.0
783,170,170.0
784,170,170.0
785,170,170.0
786,170,170.0
787,170,170.0
788,170,170.0
789,170,170.0
790,170,170.0
791,170,170.0
792,170,170.0
793,170,170.0
794,170,170.0
795,170,170.0
796,170,170.0
797,170,170.0
798,170,170.0
799,170,170.0
800,170,170.0
801,170,170.0
802,170,170.0
803,170,170.0
804,170,170.0
805,170,170.0
806,170,170.0
807,170,170.0
808,170,170.0
809,170,170.0
810,170,170.0
811,170,170.0
812,170,170.0
813,170,170.0
814,170,170.0
815,170,170.0
816,170,170.0
817,170,170.0
818,170,170.0
819,170,170.0
820,170,170.0
821,170,170.0
822,170,170.0
823,170,170.0
824,170,170.0
825,170,170.0
826,170,170.0
827,170,170.0
828,170,170.0
829,170,170.0
830,170,170.0
831,170,170.0
832,170,170.0
833,170,170.0
834,170,170.0
835,170,170.0
836,170,170.0
837,170,170.0
838,170,170.0
839,170,170.0
840,170,170.0
841,170,170.0
842,170,170.0
843,170,170.0
844,170,170.0
845,170,170.0
846,170,170.0
847,170,170.0
848,170,170.0
849,170,170.0
850,170,170.0
851,170,170.0
852,170,170.0
853,170,170.0
854,170,170.0
855,170,170.0
856,170,170.0
857,170,170.0
858,170,170.0
859,170,170.0
860,170,170.0
861,170,170.0
862,170,170.0
863,170,170.0
864,170,170.0
865,170,170.0
866,170,170.0
867,170,170.0
868,170,170.0
869,170,170.0
870,170,170.0
871,170,170.0
872,170,170.0
873,170,170.0
874,170,170.0
875,170,170.0
876,170,170.0
877,170,170.0
878,170,170.0
879,170,170.0
880,170,170.0
881,170,170.0
882,170,170.0
883,170,170.0
884,170,170.0
885,170,170.0
886,170,170.0
887,170,170.0
888,170,170.0
889,170,170.0
890,170,170.0
891,170,170.0
892,170,170.0
893,170,170.0
894,170,170.0
895,170,170.0
896,170,170.0
897,170,170.0
898,170,170.0
899,170,170.0
900,170,170.0
901,170,170.0
902,170,170.0
903,170,170.0
904,170,170.0
905,170,170.0
906,170,170.0
907,170,170.0
908,170,170.0
909,170,170.0
910,170,170.0
911,170,170.0
912,170,170.0
913,170,170.0
914,170,170.0
915,170,170.0
916,170,170.0
917,170,170.0
918,170,170.0
919,170,170.0
920,170,170.0
921,170,170.0
922,170,170.0
923,170,170.0
924,170,170.0
925,170,170.0
926,170,170.0
927,170,170.0
928,170,170.0
929,170,170.0
930,170,170.0
931,170,170.0
932,170,170.0
933,170,170.0
934,170,170.0
935,170,170.0
936,170,170.0
937,170,170.0
938,170,170.0
939,170,170.0
940,170,170.0
941,170,170.0
942,170,170.0
943,170,170.0
944,170,170.0
945,170,170.0
946,170,170.0
947,170,170.0
948,170,170.0
949,170,170.0
950,170,170.0
951,170,170.0
952,170,170.0
953,170,170.0
954,170,170.0
955,170,170.0
956,170,170.0
957,170,170.0
958,170,170.0
959,170,170.0
960,170,170.0
961,170,170.0
962,170,170.0
963,170,170.0
964,170,170.0
965,170,170.0
966,170,170.0
967,170,170.0
968,170,170.0
969,170,170.0
970,170,170.0
971,170,170.0
972,170,170.0
973,170,170.0
974,170,170.0
975,170,170.0
976,170,170.0
977,170,170.0
978,170,170.0
979,170,170.0
980,170,170.0
981,170,170.0
982,170,170.0
983,170,170.0
984,170,170.0
985,170,170.0
986,170,170.0
987,170,170.0
988,170,170.0
989,170,170.0
990,170,170.0
991,170,170.0
992,170,170.0
993,170,170.0
994,170,170.0
995,170,170.0
996,170,170.0
997,170,170.0
998,170,170.0
999,170,170.0
1000,170,170.0
1001,170,170.0
1002,170,170.0
1003,170,170.0
1004,170,170.0
1005,170,170.0
1006,170,170.0
1007,170,170.0
1008,170,170.0
1009,170,170.0
1010,170,170.0
1011,170,170.0
1012,170,170.0
1013,170,170.0
1014,170,170.0
1015,170,170.0
1016,170,170.0
1017,170,170.0
1018,170,170.0
1019,170,170.0
1020,170,170.0
1021,170,170.0
1022,170,170.0
1023,170,170.0
1024,170,170.0
1025,170,170.0
1026,170,170.0
1027,170,170.0
1028,170,170.0
1029,170,170.0
1030,170,170.0
1031,170,170.0
1032,170,170.0
1033,170,170.0
1034,170,170.0
1035,170,170.0
1036,170,170.0
1037,170,170.0
1038,170,170.0
1039,170,170.0
1040,170,170.0
1041,170,170.0
1042,170,170.0
1043,170,170.0
1044,170,170.0
1045,170,170.0
1046,170,170.0
1047,170,170.0
1048,170,170.0
1049,170,170.0
1050,170,170.0
1051,170,170.0
1052,170,170.0
1053,170,170.0
1054,170,170.0
1055,170,170.0
1056,170,170.0
1057,170,170.0
1058,170,170.0
1059,170,170.0
1060,170,170.0
1061,170,170.0
1062,170,170.0
1063,170,170.0
1064,170,170.0
1065,170,170.0
1066,170,170.0
1067,170,170.0
1068,170,170.0
1069,170,170.0
1070,170,170.0
1071,170,170.0
1072,170,170.0
1073,170,170.0
1074,170,170.0
1075,170,170.0
1076,170,170.0
1077,170,170.0
1078,170,170.0
1079,170,170.0
1080,170,170.0
1081,170,170.0
1082,170,170.0
1083,170,170.0
1084,170,170.0
1085,170,170.0
1086,170,170.0
1087,170,170.0
1088,170,170.0
1089,170,170.0
1090,170,170.0
1091,170,170.0
1092,170,170.0
1093,170,170.0
1094,170,170.0
1095,170,170.0
1096,170,170.0
1097,170,170.0
1098,170,170.0
1099,170,170.0
1100,170,170.0
1101,170,170.0
1102,170,170.0
1103,170,170.0
1104,170,170.0
1105,170,170.0
1106,170,170.0
1107,170,170.0
1108,170,170.0
1109,170,170.0
1110,170,170.0
1111,170,170.0
1112,170,170.0
1113,170,170.0
1114,170,170.0
1115,170,170.0
1116,170,170.0
1117,170,170.0
1118,170,170.0
1119,170,170.0
1120,170,170.0
1121,170,170.0
1122,170,170.0
1123,170,170.0
1124,170,170.0
1125,170,170.0
1126,170,170.0
1127,170,170.0
1128,170,170.0
1129,170,170.0
1130,170,170.0
1131,170,170.0
1132,170,170.0
1133,170,170.0
1134,170,170.0
1135,170,170.0
1136,170,170.0
1137,170,170.0
1138,170,170.0
1139,170,170.0
1140,170,170.0
1141,170,170.0
1142,170,170.0
1143,170,170.0
1144,170,170.0
1145,170,170.0
1146,170,170.0
1147,170,170.0
1148,170,170.0
1149,170,170.0
1150,170,170.0
1151,170,170.0
1152,170,170.0
1153,170,170.0
1154,170,170.0
1155,170,170.0
1156,170,170.0
1157,170,170.0
1158,170,170.0
1159,170,170.0
1160,170,170.0
1161,170,170.0
1162,170,170.0
1163,170,170.0
1164,170,170.0
1165,170,170.0
1166,170,170.0
1167,170,170.0
1168,170,170.0
1169,170,170.0
1170,170,170.0
1171,170,170.0
1172,170,170.0
1173,170,170.0
1174,170,170.0
1175,170,170.0
1176,170,170.0
1177,170,170.0
1178,170,170.0
1179,170,170.0
1180,170,170.0
1181,170,170.0
1182,170,170.0
1183,170,170.0
1184,170,170.0
1185,170,170.0
1186,170,170.0
1187,170,170.0
1188,170,170.0
1189,170,170.0
1190,170,170.0
1191,170,170.0
1192,170,170.0
1193,170,170.0
1194,170,170.0
1195,170,170.0
1196,170,170.0
1197,170,170.0
1198,170,170.0
1199,170,170.0
1200,170,170.0
1201,170,170.0
1202,170,170.0
1203,170,170.0
1204,170,170.0
1205,170,170.0
1206,170,170.0
1207,170,170.0
1208,170,170.0
1209,170,170.0
1210,170,170.0
1211,170,170.0
1212,170,170.0
1213,170,170.0
1214,170,170.0
1215,170,170.0
1216,170,170.0
1217,170,170.0
1218,170,170.0
1219,170,170.0
1220,170,170.0
1221,170,170.0
1222,170,170.0
1223,170,170.0
1224,170,170.0
1225,170,170.0
1226,170,170.0
1227,170,170.0
1228,170,170.0
1229,170,170.0
1230,170,170.0
1231,170,170.0
1232,170,170.0
1233,170,170.0
1234,170,170.0
1235,170,170.0
1236,170,170.0
1237,170,170.0
1238,170,170.0
1239,170,170.0
1240,170,170.0
1241,170,170.0
1242,170,170.0
1243,170,170.0
1244,170,170.0
1245,170,170.0
1246,170,170.0
1247,170,170.0
1248,170,170.0
1249,170,170.0
1250,170,170.0
1251,170,170.0
1252,170,170.0
1253,170,170.0
1254,170,170.0
1255,170,170.0
1256,170,170.0
1257,170,170.0
1258,170,170.0
1259,170,170.0
1260,170,170.0
1261,170,170.0
1262,170,170.0
1263,170,170.0
1264,170,170.0
1265,170,170.0
1266,170,170.0
1267,170,170.0
1268,170,170.0
1269,170,170.0
1270,170,170.0
1271,170,170.0
1272,170,170.0
1273,170,170.0
1274,170,170.0
1275,170,170.0
1276,170,170.0
1277,170,170.0
1278,170,170.0
1279,170,170.0
1280,170,170.0
1281,170,170.0
1282,170,170.0
1283,170,170.0
1284,170,170.0
1285,170,170.0
1286,170,170.0
1287,170,170.0
1288,170,170.0
1289,170,170.0
1290,170,170.0
1291,170,170.0
1292,170,170.0
1293,170,170.0
1294,170,170.0
1295,170,170.0
1296,170,170.0
1297,170,170.0
1298,170,170.0
1299,170,170.0
1300,170,170.0
1301,170,170.0
1302,170,170.0
1303,170,170.0
1304,170,170.0
1305,170,170.0
1306,170,170.0
1307,170,170.0
1308,170,170.0
1309,170,170.0
1310,170,170.0
1311,170,170.0
1312,170,170.0
1313,170,170.0
1314,170,170.0
1315,170,170.0
1316,170,170.0
1317,170,170.0
1318,170,170.0
1319,170,170.0
1320,170,170.0
1321,170,170.0
1322,170,170.0
1323,170,170.0
1324,170,170.0
1325,170,170.0
1326,170,170.0
1327,170,170.0
1328,170,170.0
1329,170,170.0
1330,170,170.0
1331,170,170.0
1332,170,170.0
1333,170,170.0
1334,170,170.0
1335,170,170.0
1336,170,170.0
1337,170,170.0
1338,170,170.0
1339,170,170.0
1340,170,170.0
1341,170,170.0
1342,170,170.0
1343,170,170.0
1344,170,170.0
1345,170,170.0
1346,170,170.0
1347,170,170.0
1348,170,170.0
1349,170,170.0
1350,170,170.0
1351,170,170.0
1352,170,170.0
1353,170,170.0
1354,170,170.0
1355,170,170.0
1356,170,170.0
1357,170,170.0
1358,170,170.0
1359,170,170.0
1360,170,170.0
1361,170,170.0
1362,170,170.0
1363,170,170.0
1364,170,170.0
1365,170,170.0
1366,170,170.0
1367,170,170.0
1368,170,170.0
1369,170,170.0
1370,170,170.0
1371,170,170.0
1372,170,170.0
1373,170,170.0
1374,170,170.0
1375,170,170.0
1376,170,170.0
1377,170,170.0
1378,170,170.0
1379,170,170.0
1380,170,170.0
1381,170,170.0
1382,170,170.0
1383,170,170.0
1384,170,170.0
1385,170,170.0
1386,170,170.0
1387,170,170.0
1388,170,170.0
1389,170,170.0
1390,170,170.0
1391,170,170.0
1392,170,170.0
1393,170,170.0
1394,170,170.0
1395,170,170.0
1396,170,170.0
1397,170,170.0
1398,170,170.0
1399,170,170.0
1400,170,170.0
1401,170,170.0
1402,170,170.0
1403,170,170.0
1404,170,170.0
1405,170,170.0
1406,170,170.0
1407,170,170.0
1408,170,170.0
1409,170,170.0
1410,170,170.0
1411,170,170.0
1412,170,170.0
1413,170,170.0
1414,170,170.0
1415,170,170.0
1416,170,170.0
1417,170,170.0
1418,170,170.0
1419,170,170.0
1420,170,170.0
1421,170,170.0
1422,170,170.0
1423,170,170.0
1424,170,170.0
1425,170,170.0
1426,170,170.0
1427,170,170.0
1428,170,170.0
1429,170,170.0
1430,170,170.0
1431,170,170.0
1432,170,170.0
1433,170,170.0
1434,170,170.0
1435,170,170.0
1436,170,170.0
1437,170,170.0
1438,170,170.0
1439,170,170.0
1440,170,170.0
1441,170,170.0
1442,170,170.0
1443,170,170.0
1444,170,170.0
1445,170,170.0
1446,170,170.0
1447,170,170.0
1448,170,170.0
1449,170,170.0
1450,170,170.0
1451,170,170.0
1452,170,170.0
1453,170,170.0
1454,170,170.0
1455,170,170.0
1456,170,170.0
1457,170,170.0
1458,170,170.0
1459,170,170.0
1460,170,170.0
1461,170,170.0
1462,170,170.0
1463,170,170.0
1464,170,170.0
1465,170,170.0
1466,170,170.0
1467,170,170.0
1468,170,170.0
1469,170,170.0
1470,170,170.0
1471,170,170.0
1472,170,170.0
1473,170,170.0
1474,170,170.0
1475,170,170.0
1476,170,170.0
1477,170,170.0
1478,170,170.0
1479,170,170.0
1480,170,170.0
1481,170,170.0
1482,170,170.0
1483,170,170.0
1484,170,170.0
1485,170,170.0
1486,170,170.0
1487,170,170.0
1488,170,170.0
1489,170,170.0
1490,170,170.0
1491,170,170.0
1492,170,170.0
1493,170,170.0
1494,170,170.0
1495,170,170.0
1496,170,170.0
1497,170,170.0
1498,170,170.0
1499,170,170.0
1500,170,170.0
