Epochs,Best fitness,Average fitness
1,1388,2439.2487512487514
2,1388,2429.262737262737
3,1388,2421.712287712288
4,1388,2415.344655344655
5,1388,2410.041958041958
6,1378,2400.919080919081
7,1378,2389.6703296703295
8,1378,2378.013986013986
9,1378,2366.4275724275726
10,1124,2350.5414585414587
11,1124,2340.703296703297
12,1124,2327.2507492507493
13,1124,2312.883116883117
14,1124,2297.92007992008
15,1124,2284.871128871129
16,1124,2274.4835164835163
17,1124,2261.2267732267733
18,1064,2248.067932067932
19,1064,2237.2587412587413
20,924,2220.011988011988
21,924,2205.664335664336
22,924,2191.7902097902097
23,924,2177.826173826174
24,924,2159.096903096903
25,778,2145.146853146853
26,778,2128.295704295704
27,778,2111.0289710289712
28,778,2099.974025974026
29,778,2078.6033966033965
30,778,2064.663336663337
31,778,2041.7802197802198
32,778,2024.8211788211788
33,778,2002.5694305694306
34,778,1984.4455544455545
35,778,1964.947052947053
36,674,1946.2937062937062
37,674,1929.2347652347653
38,674,1901.978021978022
39,674,1882.8251748251748
40,674,1858.8871128871128
41,674,1832.1658341658342
42,674,1809.7402597402597
43,674,1793.2287712287712
44,674,1772.4695304695306
45,674,1752.1218781218781
46,674,1723.4865134865136
47,674,1697.5164835164835
48,642,1661.6243756243757
49,474,1632.3636363636363
50,474,1604.861138861139
51,474,1577.9280719280719
52,474,1548.3776223776224
53,474,1507.3166833166833
54,474,1471.1628371628371
55,474,1441.966033966034
56,474,1412.2077922077922
57,474,1391.2767232767233
58,474,1359.044955044955
59,474,1335.3026973026972
60,474,1309.4305694305694
61,474,1289.2327672327672
62,474,1262.3136863136863
63,474,1238.8431568431567
64,450,1211.102897102897
65,450,1185.010989010989
66,450,1162.5474525474526
67,318,1130.4455544455545
68,318,1104.3416583416583
69,318,1070.7632367632368
70,318,1044.3436563436564
71,318,1021.984015984016
72,260,1001.044955044955
73,260,972.1098901098901
74,260,947.7362637362637
75,262,919.7182817182817
76,242,886.7592407592408
77,204,851.8661338661339
78,204,822.7532467532468
79,204,789.8281718281718
80,204,772.5374625374625
81,204,746.8171828171828
82,204,722.7632367632368
83,190,691.2247752247753
84,196,664.1898101898101
85,196,645.3106893106893
86,198,627.2867132867133
87,198,604.9030969030969
88,198,584.07992007992
89,190,563.1888111888112
90,190,539.024975024975
91,190,512.4275724275724
92,190,489.72027972027973
93,186,468.36163836163837
94,186,449.45654345654344
95,186,434.6193806193806
96,186,423.3706293706294
97,186,409.6023976023976
98,186,390.6913086913087
99,174,378.91108891108894
100,174,363.83416583416584
101,174,352.0699300699301
102,174,336.43156843156845
103,156,325.3926073926074
104,162,316.2097902097902
105,144,305.8241758241758
106,176,297.5244755244755
107,176,285.3766233766234
108,176,269.57242757242756
109,170,255.87012987012986
110,168,247.96003996003995
111,164,237.996003996004
112,154,232.25374625374624
113,150,227.3026973026973
114,144,222.35164835164835
115,144,213.89810189810188
116,140,209.46853146853147
117,140,206.8151848151848
118,152,204.14985014985015
119,152,200.54545454545453
120,152,196.95504495504497
121,152,192.56543456543457
122,152,190.34765234765234
123,144,185.24475524475525
124,144,181.65634365634367
125,142,178.44755244755245
126,124,172.93506493506493
127,144,173.4945054945055
128,142,172.33566433566435
129,142,168.35764235764236
130,144,165.4265734265734
131,146,164.8931068931069
132,148,165.78621378621378
133,140,164.36763236763238
134,140,165.5884115884116
135,132,160.96103896103895
136,132,160.73726273726274
137,132,159.87212787212786
138,132,157.62837162837164
139,132,154.94705294705295
140,138,157.24875124875126
141,140,156.82717282717283
142,142,159.2767232767233
143,134,158.7212787212787
144,124,158.92907092907092
145,124,159.7042957042957
146,124,158.72527472527472
147,124,155.62237762237763
148,124,154.6053946053946
149,136,156.34165834165833
150,136,155.14485514485514
151,136,150.26373626373626
152,126,156.52347652347652
153,126,156.63936063936063
154,126,158.6873126873127
155,126,157.66233766233765
156,128,154.8131868131868
157,134,155.56443556443557
158,134,159.7002997002997
159,138,158.21978021978023
160,138,159.34065934065933
161,142,159.91608391608392
162,140,159.1988011988012
163,136,159.06093906093906
164,136,153.23276723276723
165,136,155.92007992007993
166,136,154.1158841158841
167,128,154.50949050949052
168,128,155.4025974025974
169,128,156.4975024975025
170,140,166.03196803196803
171,138,167.36663336663338
172,138,163.54445554445553
173,138,164.23176823176823
174,142,165.32267732267732
175,136,167.46453546453546
176,130,160.5194805194805
177,128,156.78121878121877
178,128,154.25174825174824
179,122,157.04495504495503
180,122,156.9030969030969
181,122,154.14985014985015
182,124,154.28571428571428
183,124,156.10189810189812
184,138,156.23976023976024
185,136,153.65034965034965
186,136,154.55144855144854
187,136,152.25774225774225
188,136,153.0909090909091
189,136,148.83716283716285
190,128,153.03296703296704
191,128,148.98701298701297
192,114,144.63536463536462
193,114,143.44255744255744
194,132,150.52347652347652
195,136,152.21978021978023
196,112,143.33866133866132
197,112,143.7922077922078
198,124,150.33566433566435
199,124,152.92507492507494
200,120,147.46453546453546
201,122,149.71828171828173
202,122,153.77422577422578
203,142,157.61838161838162
204,146,161.01298701298703
205,146,165.58641358641358
206,142,163.98601398601397
207,138,154.54945054945054
208,128,150.72527472527472
209,134,152.34965034965035
210,138,158.53946053946055
211,138,152.86513486513488
212,146,155.57242757242759
213,152,166.1818181818182
214,148,162.36763236763238
215,142,158.03796203796205
216,150,160.72727272727272
217,142,156.73326673326673
218,142,155.96803196803197
219,142,156.32367632367632
220,122,153.6823176823177
221,132,155.47252747252747
222,144,157.8941058941059
223,144,155.52647352647352
224,134,152.23176823176823
225,154,159.24075924075925
226,150,158.78121878121877
227,140,161.65234765234766
228,144,167.57842157842157
229,144,163.92807192807192
230,144,166.62937062937064
231,144,168.13386613386612
232,150,171.7922077922078
233,150,169.77422577422578
234,150,170.2017982017982
235,150,164.91908091908093
236,150,174.32367632367632
237,134,171.23876123876124
238,128,162.75124875124874
239,128,159.00899100899102
240,156,165.2007992007992
241,156,163.94805194805195
242,150,166.42757242757241
243,148,159.24275724275725
244,140,156.36963036963036
245,146,154.67132867132867
246,144,159.41658341658342
247,144,150.62537462537463
248,140,146.23776223776224
249,144,158.48551448551447
250,132,149.12487512487513
251,132,144.44355644355645
252,140,146.41358641358642
253,138,144.06593406593407
254,138,142.981018981019
255,126,138.1158841158841
256,136,150.38161838161838
257,128,144.7072927072927
258,144,155.66833166833166
259,144,160.7212787212787
260,128,159.1128871128871
261,128,168.76923076923077
262,134,163.08291708291708
263,132,157.82817182817183
264,144,176.47352647352648
265,148,161.24875124875126
266,130,139.65634365634367
267,122,140.1838161838162
268,122,144.8891108891109
269,134,139.36663336663338
270,138,147.1108891108891
271,164,171.33266733266734
272,164,172.5214785214785
273,144,158.17782217782218
274,158,165.50849150849152
275,140,154.95104895104896
276,140,156.75124875124874
277,140,152.55544455544455
278,144,149.9080919080919
279,146,153.86413586413587
280,146,158.1878121878122
281,146,159.2987012987013
282,146,160.47352647352648
283,138,158.54145854145855
284,138,159.14885114885115
285,136,144.71128871128872
286,136,148.36163836163837
287,142,151.91408591408592
288,142,155.67032967032966
289,162,164.72727272727272
290,162,174.85114885114885
291,162,171.5044955044955
292,172,177.21078921078922
293,150,167.1968031968032
294,154,168.65134865134866
295,154,164.82117882117882
296,148,152.74125874125875
297,148,169.5004995004995
298,158,173.46453546453546
299,150,168.95104895104896
300,146,166.5194805194805
301,146,149.78821178821178
302,140,144.14785214785215
303,108,126.17982017982018
304,140,143.84815184815184
305,140,145.38061938061938
306,140,149.97002997002997
307,160,167.8161838161838
308,176,180.01198801198802
309,158,166.7932067932068
310,158,166.5954045954046
311,148,161.11888111888112
312,148,170.9270729270729
313,160,177.23476523476523
314,152,156.25974025974025
315,154,157.14685314685315
316,132,142.21978021978023
317,142,147.44255744255744
318,154,156.15384615384616
319,154,155.05494505494505
320,156,161.51448551448553
321,142,149.4265734265734
322,136,146.42957042957042
323,156,157.86613386613388
324,148,153.46653346653346
325,148,153.38261738261738
326,146,147.0889110889111
327,142,143.7902097902098
328,142,155.97002997002997
329,142,162.42757242757241
330,142,146.95104895104896
331,142,146.7232767232767
332,142,150.32967032967034
333,142,152.93906093906094
334,142,151.76223776223776
335,142,145.30669330669332
336,152,175.91608391608392
337,152,175.80819180819182
338,152,175.62837162837164
339,152,157.21078921078922
340,154,157.87812187812187
341,146,154.92307692307693
342,146,151.04295704295706
343,132,145.64835164835165
344,130,144.76923076923077
345,130,150.6853146853147
346,130,140.82517482517483
347,148,151.13286713286712
348,148,151.04495504495503
349,148,148.0
350,148,159.07692307692307
351,146,158.1878121878122
352,146,154.37762237762237
353,138,151.01098901098902
354,160,160.7972027972028
355,160,160.78121878121877
356,160,160.0
357,154,156.25974025974025
358,160,172.30769230769232
359,160,170.87912087912088
360,162,171.52647352647352
361,160,170.5914085914086
362,158,169.66833166833166
363,130,157.42857142857142
364,134,158.74725274725276
365,134,140.64135864135864
366,146,146.87912087912088
367,144,145.7022977022977
368,148,162.67532467532467
369,142,144.52947052947053
370,142,156.8171828171828
371,142,159.58241758241758
372,142,145.0929070929071
373,142,142.75324675324674
374,142,145.66633366633366
375,142,143.4105894105894
376,142,148.1138861138861
377,142,142.65534465534466
378,142,148.23376623376623
379,130,139.5904095904096
380,130,140.24975024975026
381,148,152.8911088911089
382,158,160.06193806193806
383,156,158.42757242757241
384,156,160.55544455544455
385,156,159.42057942057943
386,156,157.57442557442556
387,152,154.16983016983016
388,152,154.94905094905096
389,152,154.64335664335664
390,152,155.8961038961039
391,152,154.6853146853147
392,152,153.67232767232767
393,152,153.3126873126873
394,152,152.53946053946055
395,152,152.33966033966033
396,152,152.13986013986013
397,152,152.0
398,152,152.0
399,152,152.0
400,152,152.0
401,152,152.0
402,152,152.0
403,152,152.0
404,152,152.0
405,152,152.0
406,152,152.0
407,152,152.0
408,152,152.0
409,152,152.0
410,152,152.0
411,152,152.0
412,152,152.0
413,152,152.0
414,152,152.0
415,152,152.0
416,152,152.0
417,152,152.0
418,152,152.0
419,152,152.0
420,152,152.0
421,152,152.0
422,152,152.0
423,152,152.0
424,152,152.0
425,152,152.0
426,152,152.0
427,152,152.0
428,152,152.0
429,152,152.0
430,152,152.0
431,152,152.0
432,152,152.0
433,152,152.0
434,152,152.0
435,152,152.0
436,152,152.0
437,152,152.0
438,152,152.0
439,152,152.0
440,152,152.0
441,152,152.0
442,152,152.0
443,152,152.0
444,152,152.0
445,152,152.0
446,152,152.0
447,152,152.0
448,152,152.0
449,152,152.0
450,152,152.0
451,152,152.0
452,152,152.0
453,152,152.0
454,152,152.0
455,152,152.0
456,152,152.0
457,152,152.0
458,152,152.0
459,152,152.0
460,152,152.0
461,152,152.0
462,152,152.0
463,152,152.0
464,152,152.0
465,152,152.0
466,152,152.0
467,152,152.0
468,152,152.0
469,152,152.0
470,152,152.0
471,152,152.0
472,152,152.0
473,152,152.0
474,152,152.0
475,152,152.0
476,152,152.0
477,152,152.0
478,152,152.0
479,152,152.0
480,152,152.0
481,152,152.0
482,152,152.0
483,152,152.0
484,152,152.0
485,152,152.0
486,152,152.0
487,152,152.0
488,152,152.0
489,152,152.0
490,152,152.0
491,152,152.0
492,152,152.0
493,152,152.0
494,152,152.0
495,152,152.0
496,152,152.0
497,152,152.0
498,152,152.0
499,152,152.0
500,152,152.0
501,152,152.0
502,152,152.0
503,152,152.0
504,152,152.0
505,152,152.0
506,152,152.0
507,152,152.0
508,152,152.0
509,152,152.0
510,152,152.0
511,152,152.0
512,152,152.0
513,152,152.0
514,152,152.0
515,152,152.0
516,152,152.0
517,152,152.0
518,152,152.0
519,152,152.0
520,152,152.0
521,152,152.0
522,152,152.0
523,152,152.0
524,152,152.0
525,152,152.0
526,152,152.0
527,152,152.0
528,152,152.0
529,152,152.0
530,152,152.0
531,152,152.0
532,152,152.0
533,152,152.0
534,152,152.0
535,152,152.0
536,152,152.0
537,152,152.0
538,152,152.0
539,152,152.0
540,152,152.0
541,152,152.0
542,152,152.0
543,152,152.0
544,152,152.0
545,152,152.0
546,152,152.0
547,152,152.0
548,152,152.0
549,152,152.0
550,152,152.0
551,152,152.0
552,152,152.0
553,152,152.0
554,152,152.0
555,152,152.0
556,152,152.0
557,152,152.0
558,152,152.0
559,152,152.0
560,152,152.0
561,152,152.0
562,152,152.0
563,152,152.0
564,152,152.0
565,152,152.0
566,152,152.0
567,152,152.0
568,152,152.0
569,152,152.0
570,152,152.0
571,152,152.0
572,152,152.0
573,152,152.0
574,152,152.0
575,152,152.0
576,152,152.0
577,152,152.0
578,152,152.0
579,152,152.0
580,152,152.0
581,152,152.0
582,152,152.0
583,152,152.0
584,152,152.0
585,152,152.0
586,152,152.0
587,152,152.0
588,152,152.0
589,152,152.0
590,152,152.0
591,152,152.0
592,152,152.0
593,152,152.0
594,152,152.0
595,152,152.0
596,152,152.0
597,152,152.0
598,152,152.0
599,152,152.0
600,152,152.0
601,152,152.0
602,152,152.0
603,152,152.0
604,152,152.0
605,152,152.0
606,152,152.0
607,152,152.0
608,152,152.0
609,152,152.0
610,152,152.0
611,152,152.0
612,152,152.0
613,152,152.0
614,152,152.0
615,152,152.0
616,152,152.0
617,152,152.0
618,152,152.0
619,152,152.0
620,152,152.0
621,152,152.0
622,152,152.0
623,152,152.0
624,152,152.0
625,152,152.0
626,152,152.0
627,152,152.0
628,152,152.0
629,152,152.0
630,152,152.0
631,152,152.0
632,152,152.0
633,152,152.0
634,152,152.0
635,152,152.0
636,152,152.0
637,152,152.0
638,152,152.0
639,152,152.0
640,152,152.0
641,152,152.0
642,152,152.0
643,152,152.0
644,152,152.0
645,152,152.0
646,152,152.0
647,152,152.0
648,152,152.0
649,152,152.0
650,152,152.0
651,152,152.0
652,152,152.0
653,152,152.0
654,152,152.0
655,152,152.0
656,152,152.0
657,152,152.0
658,152,152.0
659,152,152.0
660,152,152.0
661,152,152.0
662,152,152.0
663,152,152.0
664,152,152.0
665,152,152.0
666,152,152.0
667,152,152.0
668,152,152.0
669,152,152.0
670,152,152.0
671,152,152.0
672,152,152.0
673,152,152.0
674,152,152.0
675,152,152.0
676,152,152.0
677,152,152.0
678,152,152.0
679,152,152.0
680,152,152.0
681,152,152.0
682,152,152.0
683,152,152.0
684,152,152.0
685,152,152.0
686,152,152.0
687,152,152.0
688,152,152.0
689,152,152.0
690,152,152.0
691,152,152.0
692,152,152.0
693,152,152.0
694,152,152.0
695,152,152.0
696,152,152.0
697,152,152.0
698,152,152.0
699,152,152.0
700,152,152.0
701,152,152.0
702,152,152.0
703,152,152.0
704,152,152.0
705,152,152.0
706,152,152.0
707,152,152.0
708,152,152.0
709,152,152.0
710,152,152.0
711,152,152.0
712,152,152.0
713,152,152.0
714,152,152.0
715,152,152.0
716,152,152.0
717,152,152.0
718,152,152.0
719,152,152.0
720,152,152.0
721,152,152.0
722,152,152.0
723,152,152.0
724,152,152.0
725,152,152.0
726,152,152.0
727,152,152.0
728,152,152.0
729,152,152.0
730,152,152.0
731,152,152.0
732,152,152.0
733,152,152.0
734,152,152.0
735,152,152.0
736,152,152.0
737,152,152.0
738,152,152.0
739,152,152.0
740,152,152.0
741,152,152.0
742,152,152.0
743,152,152.0
744,152,152.0
745,152,152.0
746,152,152.0
747,152,152.0
748,152,152.0
749,152,152.0
750,152,152.0
751,152,152.0
752,152,152.0
753,152,152.0
754,152,152.0
755,152,152.0
756,152,152.0
757,152,152.0
758,152,152.0
759,152,152.0
760,152,152.0
761,152,152.0
762,152,152.0
763,152,152.0
764,152,152.0
765,152,152.0
766,152,152.0
767,152,152.0
768,152,152.0
769,152,152.0
770,152,152.0
771,152,152.0
772,152,152.0
773,152,152.0
774,152,152.0
775,152,152.0
776,152,152.0
777,152,152.0
778,152,152.0
779,152,152.0
780,152,152.0
781,152,152.0
782,152,152.0
783,152,152.0
784,152,152.0
785,152,152.0
786,152,152.0
787,152,152.0
788,152,152.0
789,152,152.0
790,152,152.0
791,152,152.0
792,152,152.0
793,152,152.0
794,152,152.0
795,152,152.0
796,152,152.0
797,152,152.0
798,152,152.0
799,152,152.0
800,152,152.0
801,152,152.0
802,152,152.0
803,152,152.0
804,152,152.0
805,152,152.0
806,152,152.0
807,152,152.0
808,152,152.0
809,152,152.0
810,152,152.0
811,152,152.0
812,152,152.0
813,152,152.0
814,152,152.0
815,152,152.0
816,152,152.0
817,152,152.0
818,152,152.0
819,152,152.0
820,152,152.0
821,152,152.0
822,152,152.0
823,152,152.0
824,152,152.0
825,152,152.0
826,152,152.0
827,152,152.0
828,152,152.0
829,152,152.0
830,152,152.0
831,152,152.0
832,152,152.0
833,152,152.0
834,152,152.0
835,152,152.0
836,152,152.0
837,152,152.0
838,152,152.0
839,152,152.0
840,152,152.0
841,152,152.0
842,152,152.0
843,152,152.0
844,152,152.0
845,152,152.0
846,152,152.0
847,152,152.0
848,152,152.0
849,152,152.0
850,152,152.0
851,152,152.0
852,152,152.0
853,152,152.0
854,152,152.0
855,152,152.0
856,152,152.0
857,152,152.0
858,152,152.0
859,152,152.0
860,152,152.0
861,152,152.0
862,152,152.0
863,152,152.0
864,152,152.0
865,152,152.0
866,152,152.0
867,152,152.0
868,152,152.0
869,152,152.0
870,152,152.0
871,152,152.0
872,152,152.0
873,152,152.0
874,152,152.0
875,152,152.0
876,152,152.0
877,152,152.0
878,152,152.0
879,152,152.0
880,152,152.0
881,152,152.0
882,152,152.0
883,152,152.0
884,152,152.0
885,152,152.0
886,152,152.0
887,152,152.0
888,152,152.0
889,152,152.0
890,152,152.0
891,152,152.0
892,152,152.0
893,152,152.0
894,152,152.0
895,152,152.0
896,152,152.0
897,152,152.0
898,152,152.0
899,152,152.0
900,152,152.0
901,152,152.0
902,152,152.0
903,152,152.0
904,152,152.0
905,152,152.0
906,152,152.0
907,152,152.0
908,152,152.0
909,152,152.0
910,152,152.0
911,152,152.0
912,152,152.0
913,152,152.0
914,152,152.0
915,152,152.0
916,152,152.0
917,152,152.0
918,152,152.0
919,152,152.0
920,152,152.0
921,152,152.0
922,152,152.0
923,152,152.0
924,152,152.0
925,152,152.0
926,152,152.0
927,152,152.0
928,152,152.0
929,152,152.0
930,152,152.0
931,152,152.0
932,152,152.0
933,152,152.0
934,152,152.0
935,152,152.0
936,152,152.0
937,152,152.0
938,152,152.0
939,152,152.0
940,152,152.0
941,152,152.0
942,152,152.0
943,152,152.0
944,152,152.0
945,152,152.0
946,152,152.0
947,152,152.0
948,152,152.0
949,152,152.0
950,152,152.0
951,152,152.0
952,152,152.0
953,152,152.0
954,152,152.0
955,152,152.0
956,152,152.0
957,152,152.0
958,152,152.0
959,152,152.0
960,152,152.0
961,152,152.0
962,152,152.0
963,152,152.0
964,152,152.0
965,152,152.0
966,152,152.0
967,152,152.0
968,152,152.0
969,152,152.0
970,152,152.0
971,152,152.0
972,152,152.0
973,152,152.0
974,152,152.0
975,152,152.0
976,152,152.0
977,152,152.0
978,152,152.0
979,152,152.0
980,152,152.0
981,152,152.0
982,152,152.0
983,152,152.0
984,152,152.0
985,152,152.0
986,152,152.0
987,152,152.0
988,152,152.0
989,152,152.0
990,152,152.0
991,152,152.0
992,152,152.0
993,152,152.0
994,152,152.0
995,152,152.0
996,152,152.0
997,152,152.0
998,152,152.0
999,152,152.0
1000,152,152.0
1001,152,152.0
1002,152,152.0
1003,152,152.0
1004,152,152.0
1005,152,152.0
1006,152,152.0
1007,152,152.0
1008,152,152.0
1009,152,152.0
1010,152,152.0
1011,152,152.0
1012,152,152.0
1013,152,152.0
1014,152,152.0
1015,152,152.0
1016,152,152.0
1017,152,152.0
1018,152,152.0
1019,152,152.0
1020,152,152.0
1021,152,152.0
1022,152,152.0
1023,152,152.0
1024,152,152.0
1025,152,152.0
1026,152,152.0
1027,152,152.0
1028,152,152.0
1029,152,152.0
1030,152,152.0
1031,152,152.0
1032,152,152.0
1033,152,152.0
1034,152,152.0
1035,152,152.0
1036,152,152.0
1037,152,152.0
1038,152,152.0
1039,152,152.0
1040,152,152.0
1041,152,152.0
1042,152,152.0
1043,152,152.0
1044,152,152.0
1045,152,152.0
1046,152,152.0
1047,152,152.0
1048,152,152.0
1049,152,152.0
1050,152,152.0
1051,152,152.0
1052,152,152.0
1053,152,152.0
1054,152,152.0
1055,152,152.0
1056,152,152.0
1057,152,152.0
1058,152,152.0
1059,152,152.0
1060,152,152.0
1061,152,152.0
1062,152,152.0
1063,152,152.0
1064,152,152.0
1065,152,152.0
1066,152,152.0
1067,152,152.0
1068,152,152.0
1069,152,152.0
1070,152,152.0
1071,152,152.0
1072,152,152.0
1073,152,152.0
1074,152,152.0
1075,152,152.0
1076,152,152.0
1077,152,152.0
1078,152,152.0
1079,152,152.0
1080,152,152.0
1081,152,152.0
1082,152,152.0
1083,152,152.0
1084,152,152.0
1085,152,152.0
1086,152,152.0
1087,152,152.0
1088,152,152.0
1089,152,152.0
1090,152,152.0
1091,152,152.0
1092,152,152.0
1093,152,152.0
1094,152,152.0
1095,152,152.0
1096,152,152.0
1097,152,152.0
1098,152,152.0
1099,152,152.0
1100,152,152.0
1101,152,152.0
1102,152,152.0
1103,152,152.0
1104,152,152.0
1105,152,152.0
1106,152,152.0
1107,152,152.0
1108,152,152.0
1109,152,152.0
1110,152,152.0
1111,152,152.0
1112,152,152.0
1113,152,152.0
1114,152,152.0
1115,152,152.0
1116,152,152.0
1117,152,152.0
1118,152,152.0
1119,152,152.0
1120,152,152.0
1121,152,152.0
1122,152,152.0
1123,152,152.0
1124,152,152.0
1125,152,152.0
1126,152,152.0
1127,152,152.0
1128,152,152.0
1129,152,152.0
1130,152,152.0
1131,152,152.0
1132,152,152.0
1133,152,152.0
1134,152,152.0
1135,152,152.0
1136,152,152.0
1137,152,152.0
1138,152,152.0
1139,152,152.0
1140,152,152.0
1141,152,152.0
1142,152,152.0
1143,152,152.0
1144,152,152.0
1145,152,152.0
1146,152,152.0
1147,152,152.0
1148,152,152.0
1149,152,152.0
1150,152,152.0
1151,152,152.0
1152,152,152.0
1153,152,152.0
1154,152,152.0
1155,152,152.0
1156,152,152.0
1157,152,152.0
1158,152,152.0
1159,152,152.0
1160,152,152.0
1161,152,152.0
1162,152,152.0
1163,152,152.0
1164,152,152.0
1165,152,152.0
1166,152,152.0
1167,152,152.0
1168,152,152.0
1169,152,152.0
1170,152,152.0
1171,152,152.0
1172,152,152.0
1173,152,152.0
1174,152,152.0
1175,152,152.0
1176,152,152.0
1177,152,152.0
1178,152,152.0
1179,152,152.0
1180,152,152.0
1181,152,152.0
1182,152,152.0
1183,152,152.0
1184,152,152.0
1185,152,152.0
1186,152,152.0
1187,152,152.0
1188,152,152.0
1189,152,152.0
1190,152,152.0
1191,152,152.0
1192,152,152.0
1193,152,152.0
1194,152,152.0
1195,152,152.0
1196,152,152.0
1197,152,152.0
1198,152,152.0
1199,152,152.0
1200,152,152.0
1201,152,152.0
1202,152,152.0
1203,152,152.0
1204,152,152.0
1205,152,152.0
1206,152,152.0
1207,152,152.0
1208,152,152.0
1209,152,152.0
1210,152,152.0
1211,152,152.0
1212,152,152.0
1213,152,152.0
1214,152,152.0
1215,152,152.0
1216,152,152.0
1217,152,152.0
1218,152,152.0
1219,152,152.0
1220,152,152.0
1221,152,152.0
1222,152,152.0
1223,152,152.0
1224,152,152.0
1225,152,152.0
1226,152,152.0
1227,152,152.0
1228,152,152.0
1229,152,152.0
1230,152,152.0
1231,152,152.0
1232,152,152.0
1233,152,152.0
1234,152,152.0
1235,152,152.0
1236,152,152.0
1237,152,152.0
1238,152,152.0
1239,152,152.0
1240,152,152.0
1241,152,152.0
1242,152,152.0
1243,152,152.0
1244,152,152.0
1245,152,152.0
1246,152,152.0
1247,152,152.0
1248,152,152.0
1249,152,152.0
1250,152,152.0
1251,152,152.0
1252,152,152.0
1253,152,152.0
1254,152,152.0
1255,152,152.0
1256,152,152.0
1257,152,152.0
1258,152,152.0
1259,152,152.0
1260,152,152.0
1261,152,152.0
1262,152,152.0
1263,152,152.0
1264,152,152.0
1265,152,152.0
1266,152,152.0
1267,152,152.0
1268,152,152.0
1269,152,152.0
1270,152,152.0
1271,152,152.0
1272,152,152.0
1273,152,152.0
1274,152,152.0
1275,152,152.0
1276,152,152.0
1277,152,152.0
1278,152,152.0
1279,152,152.0
1280,152,152.0
1281,152,152.0
1282,152,152.0
1283,152,152.0
1284,152,152.0
1285,152,152.0
1286,152,152.0
1287,152,152.0
1288,152,152.0
1289,152,152.0
1290,152,152.0
1291,152,152.0
1292,152,152.0
1293,152,152.0
1294,152,152.0
1295,152,152.0
1296,152,152.0
1297,152,152.0
1298,152,152.0
1299,152,152.0
1300,152,152.0
1301,152,152.0
1302,152,152.0
1303,152,152.0
1304,152,152.0
1305,152,152.0
1306,152,152.0
1307,152,152.0
1308,152,152.0
1309,152,152.0
1310,152,152.0
1311,152,152.0
1312,152,152.0
1313,152,152.0
1314,152,152.0
1315,152,152.0
1316,152,152.0
1317,152,152.0
1318,152,152.0
1319,152,152.0
1320,152,152.0
1321,152,152.0
1322,152,152.0
1323,152,152.0
1324,152,152.0
1325,152,152.0
1326,152,152.0
1327,152,152.0
1328,152,152.0
1329,152,152.0
1330,152,152.0
1331,152,152.0
1332,152,152.0
1333,152,152.0
1334,152,152.0
1335,152,152.0
1336,152,152.0
1337,152,152.0
1338,152,152.0
1339,152,152.0
1340,152,152.0
1341,152,152.0
1342,152,152.0
1343,152,152.0
1344,152,152.0
1345,152,152.0
1346,152,152.0
1347,152,152.0
1348,152,152.0
1349,152,152.0
1350,152,152.0
1351,152,152.0
1352,152,152.0
1353,152,152.0
1354,152,152.0
1355,152,152.0
1356,152,152.0
1357,152,152.0
1358,152,152.0
1359,152,152.0
1360,152,152.0
1361,152,152.0
1362,152,152.0
1363,152,152.0
1364,152,152.0
1365,152,152.0
1366,152,152.0
1367,152,152.0
1368,152,152.0
1369,152,152.0
1370,152,152.0
1371,152,152.0
1372,152,152.0
1373,152,152.0
1374,152,152.0
1375,152,152.0
1376,152,152.0
1377,152,152.0
1378,152,152.0
1379,152,152.0
1380,152,152.0
1381,152,152.0
1382,152,152.0
1383,152,152.0
1384,152,152.0
1385,152,152.0
1386,152,152.0
1387,152,152.0
1388,152,152.0
1389,152,152.0
1390,152,152.0
1391,152,152.0
1392,152,152.0
1393,152,152.0
1394,152,152.0
1395,152,152.0
1396,152,152.0
1397,152,152.0
1398,152,152.0
1399,152,152.0
1400,152,152.0
1401,152,152.0
1402,152,152.0
1403,152,152.0
1404,152,152.0
1405,152,152.0
1406,152,152.0
1407,152,152.0
1408,152,152.0
1409,152,152.0
1410,152,152.0
1411,152,152.0
1412,152,152.0
1413,152,152.0
1414,152,152.0
1415,152,152.0
1416,152,152.0
1417,152,152.0
1418,152,152.0
1419,152,152.0
1420,152,152.0
1421,152,152.0
1422,152,152.0
1423,152,152.0
1424,152,152.0
1425,152,152.0
1426,152,152.0
1427,152,152.0
1428,152,152.0
1429,152,152.0
1430,152,152.0
1431,152,152.0
1432,152,152.0
1433,152,152.0
1434,152,152.0
1435,152,152.0
1436,152,152.0
1437,152,152.0
1438,152,152.0
1439,152,152.0
1440,152,152.0
1441,152,152.0
1442,152,152.0
1443,152,152.0
1444,152,152.0
1445,152,152.0
1446,152,152.0
1447,152,152.0
1448,152,152.0
1449,152,152.0
1450,152,152.0
1451,152,152.0
1452,152,152.0
1453,152,152.0
1454,152,152.0
1455,152,152.0
1456,152,152.0
1457,152,152.0
1458,152,152.0
1459,152,152.0
1460,152,152.0
1461,152,152.0
1462,152,152.0
1463,152,152.0
1464,152,152.0
1465,152,152.0
1466,152,152.0
1467,152,152.0
1468,152,152.0
1469,152,152.0
1470,152,152.0
1471,152,152.0
1472,152,152.0
1473,152,152.0
1474,152,152.0
1475,152,152.0
1476,152,152.0
1477,152,152.0
1478,152,152.0
1479,152,152.0
1480,152,152.0
1481,152,152.0
1482,152,152.0
1483,152,152.0
1484,152,152.0
1485,152,152.0
1486,152,152.0
1487,152,152.0
1488,152,152.0
1489,152,152.0
1490,152,152.0
1491,152,152.0
1492,152,152.0
1493,152,152.0
1494,152,152.0
1495,152,152.0
1496,152,152.0
1497,152,152.0
1498,152,152.0
1499,152,152.0
1500,152,152.0
