Epochs,Best fitness,Average fitness
1,1372,2443.78021978022
2,1372,2438.2937062937062
3,1372,2434.4455544455545
4,1372,2426.7492507492507
5,1372,2422.8331668331666
6,1328,2417.948051948052
7,1328,2414.095904095904
8,1328,2409.4645354645354
9,894,2401.108891108891
10,894,2396.4435564435566
11,894,2390.6013986013986
12,894,2386.021978021978
13,894,2378.3976023976024
14,894,2373.78021978022
15,894,2369.070929070929
16,894,2364.2757242757243
17,894,2359.8241758241757
18,894,2352.861138861139
19,894,2347.942057942058
20,894,2342.965034965035
21,894,2336.3876123876125
22,894,2330.2577422577424
23,894,2327.1348651348653
24,878,2318.2157842157844
25,878,2312.843156843157
26,878,2308.7412587412587
27,878,2304.7592407592406
28,878,2295.754245754246
29,878,2288.3916083916083
30,878,2283.7002997002996
31,878,2274.165834165834
32,878,2265.82017982018
33,878,2257.956043956044
34,878,2251.794205794206
35,878,2243.8081918081916
36,878,2239.8721278721277
37,878,2231.6583416583417
38,878,2223.96003996004
39,786,2215.1448551448552
40,786,2207.63036963037
41,786,2199.246753246753
42,786,2188.16983016983
43,786,2181.622377622378
44,786,2175.0449550449553
45,786,2166.631368631369
46,786,2157.064935064935
47,786,2148.6213786213784
48,786,2139.8061938061937
49,786,2131.5364635364635
50,786,2121.8061938061937
51,786,2108.8071928071927
52,786,2099.2847152847153
53,786,2088.2917082917083
54,786,2079.8141858141857
55,786,2069.304695304695
56,786,2055.704295704296
57,786,2045.2567432567432
58,786,2037.080919080919
59,786,2026.5094905094904
60,786,2015.2147852147853
61,786,2005.2307692307693
62,786,1990.6633366633366
63,786,1978.865134865135
64,786,1964.8671328671328
65,786,1952.6393606393606
66,786,1940.4795204795205
67,786,1929.048951048951
68,786,1916.11988011988
69,786,1902.2557442557443
70,786,1887.8501498501498
71,786,1877.7862137862137
72,786,1863.7882117882118
73,786,1850.989010989011
74,786,1835.6523476523475
75,786,1821.7802197802198
76,786,1811.99000999001
77,786,1799.3906093906094
78,652,1786.819180819181
79,652,1776.6893106893108
80,608,1765.1448551448552
81,608,1757.2307692307693
82,608,1747.122877122877
83,608,1737.2047952047951
84,608,1728.2477522477523
85,608,1719.1868131868132
86,608,1709.2187812187813
87,608,1698.8751248751248
88,608,1689.934065934066
89,608,1677.7102897102898
90,608,1669.130869130869
91,608,1660.3116883116884
92,608,1650.1578421578422
93,608,1641.6223776223776
94,608,1631.074925074925
95,608,1620.01998001998
96,608,1611.954045954046
97,608,1601.068931068931
98,608,1593.2147852147853
99,608,1583.018981018981
100,608,1573.906093906094
101,546,1563.0309690309691
102,546,1555.6703296703297
103,546,1546.1498501498502
104,546,1537.3566433566434
105,546,1528.881118881119
106,546,1520.4935064935064
107,546,1511.0389610389611
108,546,1502.4835164835165
109,546,1494.033966033966
110,546,1486.7752247752248
111,546,1477.7702297702297
112,524,1465.6243756243757
113,524,1456.4455544455545
114,524,1449.7522477522477
115,524,1440.6993006993007
116,524,1431.4965034965035
117,524,1421.110889110889
118,524,1412.057942057942
119,524,1403.106893106893
120,524,1394.1578421578422
121,524,1386.5414585414585
122,524,1377.2707292707294
123,524,1368.4955044955045
124,524,1359.3186813186812
125,524,1351.5984015984016
126,524,1343.086913086913
127,524,1334.2337662337663
128,488,1323.6883116883116
129,488,1315.8141858141857
130,488,1308.2437562437563
131,488,1300.6213786213787
132,488,1292.5094905094904
133,488,1285.4645354645354
134,488,1276.921078921079
135,488,1268.3216783216783
136,488,1260.2577422577422
137,488,1252.1078921078922
138,488,1245.2187812187813
139,488,1239.6823176823177
140,460,1231.090909090909
141,460,1223.3426573426573
142,460,1215.056943056943
143,460,1207.6483516483515
144,460,1200.925074925075
145,460,1193.8081918081919
146,460,1185.2367632367632
147,460,1177.3806193806195
148,460,1170.963036963037
149,460,1163.2167832167831
150,460,1155.7262737262738
151,460,1148.4775224775224
152,460,1141.5904095904095
153,460,1136.3656343656344
154,460,1128.1758241758241
155,460,1122.2217782217783
156,460,1113.984015984016
157,460,1106.7372627372627
158,460,1099.7342657342658
159,460,1092.1458541458542
160,460,1085.4725274725274
161,460,1078.2137862137863
162,460,1071.4725274725274
163,460,1063.8061938061937
164,460,1056.3756243756243
165,460,1050.4495504495505
166,460,1043.3946053946054
167,460,1035.844155844156
168,460,1030.003996003996
169,460,1022.8411588411589
170,460,1018.8711288711289
171,460,1012.5894105894106
172,460,1006.6213786213787
173,460,1000.8091908091908
174,342,994.1618381618382
175,342,988.4635364635365
176,342,981.2027972027972
177,342,975.6083916083916
178,342,970.5094905094905
179,342,964.7692307692307
180,342,958.1158841158841
181,342,951.0949050949051
182,342,944.7572427572428
183,342,938.2597402597403
184,292,931.8361638361638
185,292,924.8491508491509
186,292,918.4335664335664
187,292,913.4445554445555
188,292,906.5894105894106
189,292,900.0999000999001
190,292,895.7642357642358
191,292,889.1988011988012
192,292,882.971028971029
193,292,877.3026973026973
194,266,871.0849150849151
195,266,864.6193806193806
196,226,858.6933066933067
197,226,854.05994005994
198,226,848.3176823176823
199,226,843.2627372627372
200,226,838.5114885114886
201,226,832.979020979021
202,226,827.4625374625375
203,226,820.8551448551449
204,226,816.0999000999001
205,226,811.8401598401598
206,226,806.5614385614385
207,226,803.1388611388611
208,226,798.8491508491509
209,226,793.0949050949051
210,226,788.011988011988
211,226,783.4205794205794
212,226,778.8991008991009
213,226,774.6093906093906
214,226,770.6113886113886
215,226,765.2767232767233
216,226,760.9190809190809
217,226,756.983016983017
218,226,752.6573426573426
219,226,748.5334665334665
220,226,743.3226773226774
221,226,739.1148851148852
222,226,734.2357642357642
223,226,729.5044955044955
224,226,725.7842157842158
225,226,722.1058941058941
226,226,717.024975024975
227,226,712.2117882117882
228,226,707.5184815184815
229,226,702.6033966033966
230,226,697.3846153846154
231,226,692.9370629370629
232,226,688.9090909090909
233,226,684.7752247752247
234,226,680.6593406593406
235,226,676.8051948051948
236,226,672.4275724275724
237,226,668.7032967032967
238,226,664.5574425574425
239,226,660.3536463536464
240,226,657.3526473526474
241,226,653.1208791208791
242,226,648.8371628371629
243,226,644.5014985014985
244,226,640.4095904095905
245,226,636.5754245754246
246,226,632.7672327672327
247,226,629.006993006993
248,226,626.1438561438562
249,226,623.1088911088912
250,226,619.1128871128872
251,226,615.5744255744256
252,226,612.3836163836164
253,226,609.1268731268731
254,226,605.7222777222777
255,226,602.2077922077922
256,226,597.3226773226774
257,226,593.4585414585415
258,226,589.4385614385615
259,226,585.7142857142857
260,226,581.8221778221779
261,226,577.8361638361638
262,226,574.3596403596404
263,226,570.5714285714286
264,226,567.1008991008991
265,226,563.1628371628371
266,226,560.7532467532468
267,226,557.2347652347653
268,226,554.067932067932
269,226,550.3716283716284
270,226,547.3366633366634
271,226,543.8061938061938
272,226,540.2237762237762
273,226,537.1048951048951
274,226,534.1778221778221
275,226,530.993006993007
276,226,527.94005994006
277,226,524.971028971029
278,226,520.975024975025
279,226,518.3036963036963
280,226,514.9330669330669
281,226,511.73226773226776
282,226,508.38961038961037
283,226,505.75024975024974
284,226,502.7392607392607
285,226,500.09190809190807
286,226,497.83416583416584
287,226,494.4915084915085
288,226,492.0999000999001
289,226,489.5204795204795
290,226,487.26473526473524
291,226,484.63936063936063
292,226,481.54045954045955
293,226,478.54545454545456
294,226,475.68431568431566
295,226,473.5944055944056
296,226,471.1228771228771
297,226,468.3916083916084
298,226,465.91008991008994
299,226,463.1988011988012
300,226,460.2017982017982
301,226,457.4105894105894
302,216,454.56343656343654
303,216,452.2117882117882
304,216,449.2927072927073
305,216,447.01498501498503
306,216,444.76523476523477
307,216,442.76723276723277
308,216,440.38561438561436
309,216,437.84615384615387
310,216,435.35264735264735
311,216,433.3306693306693
312,216,431.46053946053945
313,216,428.6333666333666
314,190,426.3356643356643
315,190,424.0699300699301
316,190,421.2287712287712
317,190,418.8231768231768
318,190,416.5814185814186
319,190,414.4195804195804
320,190,412.2017982017982
321,190,409.73026973026975
322,190,407.3266733266733
323,190,405.27872127872126
324,190,404.005994005994
325,190,402.27972027972027
326,190,400.4195804195804
327,190,398.3956043956044
328,190,396.67932067932065
329,190,394.7372627372627
330,182,392.1818181818182
331,182,389.94805194805195
332,182,387.84415584415586
333,182,385.4725274725275
334,182,383.2267732267732
335,182,381.3626373626374
336,182,379.3766233766234
337,182,377.05094905094904
338,182,374.7972027972028
339,182,372.97502497502495
340,182,370.73326673326676
341,182,369.008991008991
342,182,366.8951048951049
343,174,365.27872127872126
344,174,363.5244755244755
345,174,361.8861138861139
346,174,359.7082917082917
347,174,358.2597402597403
348,174,356.75524475524475
349,174,354.94105894105894
350,174,353.16483516483515
351,174,351.0829170829171
352,174,349.2247752247752
353,174,347.68031968031966
354,174,345.84015984015986
355,174,344.3376623376623
356,174,342.64535464535464
357,174,340.959040959041
358,174,339.3066933066933
359,174,337.6183816183816
360,174,335.6723276723277
361,174,333.968031968032
362,172,332.09190809190807
363,172,330.06393606393607
364,172,327.9320679320679
365,172,326.23776223776224
366,172,324.2637362637363
367,162,322.7932067932068
368,162,321.1008991008991
369,162,319.2547452547453
370,162,317.8881118881119
371,162,316.6013986013986
372,162,314.97702297702295
373,162,313.61238761238764
374,162,311.7142857142857
375,162,310.0999000999001
376,162,308.959040959041
377,162,307.35264735264735
378,162,305.7102897102897
379,162,304.17182817182817
380,162,302.8051948051948
381,162,301.1208791208791
382,162,299.6623376623377
383,162,297.8121878121878
384,162,296.2617382617383
385,162,294.8071928071928
386,162,293.6003996003996
387,162,292.3076923076923
388,162,290.7712287712288
389,162,289.2627372627373
390,162,287.68031968031966
391,162,286.1858141858142
392,162,285.15484515484513
393,162,283.83216783216784
394,162,282.64935064935065
395,162,281.4825174825175
396,162,280.1178821178821
397,162,278.86913086913086
398,162,277.45854145854145
399,162,276.3736263736264
400,162,275.1228771228771
401,162,274.2637362637363
402,162,273.02497502497505
403,162,271.83216783216784
404,162,270.4755244755245
405,162,269.2587412587413
406,162,267.8841158841159
407,162,266.6053946053946
408,162,265.3806193806194
409,162,264.1478521478521
410,162,262.75124875124874
411,162,261.5544455544456
412,162,260.4855144855145
413,162,259.17082917082917
414,162,257.9280719280719
415,162,256.83116883116884
416,158,255.34665334665334
417,158,254.2997002997003
418,158,253.15684315684317
419,158,252.2037962037962
420,158,251.14085914085913
421,158,250.06593406593407
422,158,248.92907092907092
423,158,248.0919080919081
424,158,247.05294705294705
425,158,245.89810189810188
426,158,244.86113886113887
427,158,244.07992007992007
428,158,243.02897102897103
429,158,242.02797202797203
430,158,241.03296703296704
431,158,239.89810189810188
432,158,238.72527472527472
433,158,237.63636363636363
434,158,236.78921078921078
435,158,235.80819180819182
436,158,234.97702297702298
437,146,233.84815184815184
438,128,232.83316683316684
439,128,231.6083916083916
440,128,230.62737262737264
441,128,229.63236763236762
442,128,228.87512487512487
443,128,228.015984015984
444,128,227.12887112887114
445,128,226.23176823176823
446,128,225.4825174825175
447,128,224.54545454545453
448,128,223.5984015984016
449,128,222.6973026973027
450,128,221.92207792207793
451,128,221.17082917082917
452,128,220.34165834165833
453,128,219.65234765234766
454,128,218.8891108891109
455,128,218.001998001998
456,128,217.27272727272728
457,128,216.44155844155844
458,128,215.8141858141858
459,128,215.25874125874125
460,128,214.51348651348653
461,128,213.78821178821178
462,128,213.0969030969031
463,128,212.15984015984017
464,128,211.57842157842157
465,128,210.86513486513488
466,128,210.0
467,128,209.2927072927073
468,128,208.46553446553446
469,128,207.92607392607394
470,128,207.33066933066934
471,128,206.57742257742257
472,128,206.04595404595403
473,128,205.2967032967033
474,128,204.78321678321677
475,128,203.9100899100899
476,128,203.32467532467533
477,128,202.72927072927072
478,128,202.21778221778223
479,128,201.7782217782218
480,128,201.22477522477521
481,128,200.71528471528472
482,128,200.1858141858142
483,128,199.6963036963037
484,128,199.07892107892107
485,128,198.4015984015984
486,128,197.77022977022978
487,128,197.17282717282717
488,128,196.6133866133866
489,128,196.2237762237762
490,128,195.7062937062937
491,128,195.24675324675326
492,128,194.6113886113886
493,128,194.13786213786213
494,128,193.53646353646354
495,128,192.979020979021
496,128,192.45954045954045
497,128,191.9060939060939
498,128,191.45654345654344
499,126,190.87112887112886
500,126,190.3996003996004
501,126,189.99000999000998
502,126,189.56843156843158
503,126,189.018981018981
504,126,188.52747252747253
505,126,187.97402597402598
506,126,187.53246753246754
507,126,186.92907092907092
508,126,186.54145854145855
509,126,186.1038961038961
510,126,185.71828171828173
511,126,185.1868131868132
512,126,184.84115884115883
513,126,184.4975024975025
514,126,184.0939060939061
515,126,183.73626373626374
516,126,183.2967032967033
517,126,182.86113886113887
518,126,182.3956043956044
519,126,181.86413586413587
520,126,181.38261738261738
521,126,180.86113886113887
522,126,180.43756243756243
523,126,180.02997002997003
524,126,179.60239760239762
525,126,179.27072927072928
526,126,178.983016983017
527,126,178.45754245754244
528,126,178.07192807192808
529,126,177.73026973026973
530,126,177.4045954045954
531,126,177.03696303696304
532,126,176.62737262737264
533,126,176.28371628371627
534,126,175.73826173826174
535,126,175.4025974025974
536,126,175.12887112887114
537,126,174.8111888111888
538,126,174.54545454545453
539,126,174.13586413586413
540,126,173.7222777222777
541,126,173.44055944055944
542,126,173.14085914085913
543,122,172.74925074925076
544,122,172.42957042957042
545,122,172.13586413586413
546,122,171.83816183816185
547,122,171.57842157842157
548,122,171.17882117882118
549,122,170.81918081918081
550,122,170.5214785214785
551,122,170.14585414585414
552,122,169.9060939060939
553,122,169.62237762237763
554,122,169.25274725274724
555,122,169.03296703296704
556,122,168.67932067932068
557,122,168.43756243756243
558,122,168.13186813186815
559,122,167.80819180819182
560,122,167.3946053946054
561,122,167.12487512487513
562,122,166.86113886113887
563,122,166.45554445554447
564,122,166.14585414585414
565,122,165.83416583416584
566,122,165.54245754245756
567,116,165.1988011988012
568,116,164.8891108891109
569,116,164.57942057942057
570,116,164.34165834165833
571,116,164.01998001998
572,116,163.75624375624375
573,116,163.43656343656343
574,116,163.15484515484516
575,116,162.85714285714286
576,116,162.6013986013986
577,116,162.34365634365633
578,116,162.005994005994
579,116,161.78221778221777
580,116,161.63236763236762
581,116,161.4025974025974
582,116,161.06893106893108
583,116,160.74325674325675
584,116,160.56743256743258
585,116,160.34965034965035
586,116,160.15184815184816
587,116,159.8941058941059
588,116,159.56243756243757
589,116,159.3186813186813
590,116,159.07492507492506
591,116,158.75924075924075
592,116,158.55144855144854
593,116,158.37562437562437
594,116,158.16183816183815
595,116,157.92407592407594
596,116,157.68031968031968
597,116,157.5044955044955
598,116,157.1908091908092
599,116,156.87512487512487
600,116,156.53146853146853
601,112,156.22577422577422
602,112,155.9060939060939
603,112,155.67232767232767
604,112,155.4805194805195
605,112,155.10289710289712
606,112,154.9090909090909
607,112,154.7052947052947
608,112,154.45154845154846
609,112,154.27372627372628
610,112,154.08591408591408
611,112,153.8121878121878
612,112,153.62237762237763
613,112,153.35664335664336
614,112,153.13286713286712
615,112,152.95104895104896
616,112,152.73126873126873
617,112,152.55744255744256
618,112,152.34165834165833
619,112,152.07192807192808
620,112,151.8001998001998
621,112,151.63836163836163
622,112,151.37062937062936
623,112,151.1088911088911
624,112,150.83516483516485
625,112,150.6053946053946
626,112,150.36363636363637
627,112,150.06993006993008
628,112,149.8161838161838
629,112,149.60239760239762
630,112,149.4085914085914
631,112,149.23276723276723
632,112,148.993006993007
633,112,148.8151848151848
634,112,148.5934065934066
635,112,148.3956043956044
636,112,148.1138861138861
637,112,147.9000999000999
638,112,147.6063936063936
639,112,147.30669330669332
640,112,147.05694305694306
641,108,146.8111888111888
642,108,146.58541458541458
643,108,146.30569430569432
644,108,146.07792207792207
645,108,145.8181818181818
646,108,145.55244755244755
647,108,145.34665334665334
648,108,145.08491508491508
649,108,144.87912087912088
650,108,144.66533466533465
651,108,144.45754245754244
652,108,144.22977022977022
653,108,143.982017982018
654,108,143.76223776223776
655,108,143.52447552447552
656,108,143.28671328671328
657,108,143.07492507492506
658,108,142.88111888111888
659,108,142.63736263736263
660,108,142.39760239760238
661,108,142.12987012987014
662,108,141.92807192807192
663,108,141.73026973026973
664,108,141.60239760239762
665,108,141.3886113886114
666,108,141.2227772227772
667,108,141.04095904095905
668,108,140.84915084915085
669,108,140.58541458541458
670,108,140.3856143856144
671,108,140.07392607392606
672,108,139.80619380619382
673,108,139.55444555444555
674,108,139.34065934065933
675,108,139.11688311688312
676,108,138.96103896103895
677,108,138.7012987012987
678,108,138.54945054945054
679,108,138.32367632367632
680,108,138.15384615384616
681,108,137.91608391608392
682,108,137.73626373626374
683,108,137.5904095904096
684,108,137.44255744255744
685,108,137.2907092907093
686,108,137.12687312687314
687,108,136.97702297702298
688,108,136.76723276723277
689,108,136.55944055944056
690,108,136.37762237762237
691,108,136.24375624375625
692,108,136.1058941058941
693,108,135.9040959040959
694,108,135.6843156843157
695,108,135.48651348651347
696,108,135.21878121878123
697,102,134.985014985015
698,102,134.83516483516485
699,102,134.65334665334666
700,102,134.46353646353646
701,102,134.28971028971029
702,102,134.17382617382617
703,102,133.97802197802199
704,102,133.8021978021978
705,102,133.62237762237763
706,102,133.5004995004995
707,102,133.3866133866134
708,102,133.27072927072928
709,102,133.04895104895104
710,102,132.9050949050949
711,102,132.7092907092907
712,102,132.53546453546454
713,102,132.38361638361638
714,102,132.21978021978023
715,102,132.12587412587413
716,102,131.9040959040959
717,102,131.74625374625376
718,102,131.67432567432567
719,102,131.5164835164835
720,102,131.36463536463538
721,102,131.23676323676324
722,102,131.05294705294705
723,102,130.87112887112886
724,102,130.7032967032967
725,102,130.56143856143856
726,102,130.41958041958043
727,102,130.2777222777223
728,102,130.1058941058941
729,102,130.0
730,102,129.86413586413587
731,102,129.78421578421577
732,102,129.63436563436562
733,102,129.46453546453546
734,102,129.32867132867133
735,102,129.2007992007992
736,102,129.04095904095905
737,102,128.85714285714286
738,102,128.74125874125875
739,102,128.63736263736263
740,102,128.4995004995005
741,102,128.35564435564436
742,102,128.1958041958042
743,102,128.005994005994
744,102,127.86013986013987
745,102,127.68831168831169
746,102,127.54645354645355
747,102,127.41058941058941
748,102,127.3006993006993
749,102,127.21078921078922
750,102,127.12487512487513
751,102,127.002997002997
752,102,126.89110889110889
753,102,126.78521478521479
754,102,126.64135864135864
755,102,126.50549450549451
756,102,126.36363636363636
757,102,126.27772227772228
758,102,126.15384615384616
759,102,126.02197802197803
760,102,125.91408591408592
761,102,125.78821178821178
762,102,125.6943056943057
763,102,125.62837162837162
764,102,125.52447552447552
765,102,125.43056943056943
766,102,125.34865134865134
767,102,125.25874125874125
768,102,125.11888111888112
769,102,124.97502497502498
770,102,124.88711288711289
771,102,124.77722277722278
772,102,124.65334665334666
773,102,124.55544455544455
774,102,124.45154845154845
775,102,124.35964035964037
776,102,124.26773226773227
777,102,124.18981018981019
778,102,124.08991008991009
779,102,124.007992007992
780,102,123.88611388611389
781,102,123.81818181818181
782,102,123.71428571428571
783,102,123.59040959040959
784,102,123.47652347652348
785,102,123.37462537462538
786,102,123.21878121878122
787,102,123.11688311688312
788,102,123.02497502497502
789,102,122.92507492507492
790,98,122.81118881118881
791,98,122.71928071928072
792,98,122.64935064935065
793,98,122.54945054945055
794,98,122.45754245754246
795,98,122.37762237762237
796,98,122.31168831168831
797,98,122.21978021978022
798,98,122.12787212787212
799,98,122.04195804195804
800,98,121.94005994005994
801,98,121.84615384615384
802,98,121.75024975024975
803,98,121.58441558441558
804,98,121.46653346653346
805,98,121.38461538461539
806,98,121.25474525474526
807,98,121.16883116883118
808,98,121.0989010989011
809,98,121.03096903096903
810,98,120.94305694305694
811,98,120.86313686313686
812,98,120.77722277722278
813,98,120.72327672327673
814,98,120.65334665334666
815,98,120.57542457542458
816,98,120.47552447552448
817,98,120.41558441558442
818,98,120.34165834165834
819,98,120.23376623376623
820,98,120.12387612387613
821,98,120.06993006993007
822,98,119.992007992008
823,98,119.91208791208791
824,98,119.78021978021978
825,98,119.64635364635365
826,98,119.54645354645355
827,98,119.42057942057941
828,98,119.36463536463536
829,98,119.28871128871128
830,98,119.20679320679321
831,98,119.14485514485514
832,98,119.06493506493507
833,98,118.99300699300699
834,98,118.95504495504495
835,98,118.82917082917083
836,98,118.73926073926074
837,98,118.67132867132867
838,98,118.6013986013986
839,98,118.4975024975025
840,98,118.3956043956044
841,98,118.2957042957043
842,98,118.22977022977022
843,98,118.13186813186813
844,98,118.08991008991009
845,98,118.02397602397602
846,98,117.92007992007991
847,98,117.83016983016984
848,98,117.74025974025975
849,98,117.65634365634365
850,98,117.5984015984016
851,98,117.48851148851149
852,98,117.4045954045954
853,98,117.32067932067932
854,98,117.24475524475524
855,98,117.18081918081919
856,98,117.12487512487513
857,98,117.05894105894106
858,98,117.000999000999
859,98,116.92307692307692
860,98,116.87712287712287
861,98,116.84315684315685
862,98,116.77522477522477
863,96,116.64935064935065
864,96,116.58341658341658
865,96,116.51148851148851
866,96,116.43356643356644
867,96,116.34365634365635
868,96,116.24175824175825
869,96,116.15384615384616
870,96,116.07192807192807
871,96,116.0
872,96,115.91808191808192
873,96,115.87212787212788
874,96,115.81618381618381
875,96,115.71428571428571
876,96,115.63436563436564
877,96,115.5104895104895
878,96,115.46653346653346
879,96,115.44055944055944
880,96,115.36663336663337
881,96,115.27472527472527
882,96,115.23476523476523
883,96,115.17482517482517
884,96,115.07892107892108
885,96,115.01298701298701
886,96,114.94705294705295
887,96,114.8971028971029
888,96,114.81318681318682
889,96,114.73326673326673
890,96,114.63736263736264
891,96,114.55544455544455
892,96,114.48751248751249
893,96,114.42157842157842
894,96,114.31168831168831
895,96,114.24375624375624
896,96,114.15384615384616
897,96,114.07792207792208
898,96,114.03796203796203
899,96,113.95204795204795
900,96,113.9020979020979
901,96,113.84415584415585
902,96,113.77422577422577
903,96,113.6963036963037
904,96,113.62037962037962
905,96,113.53846153846153
906,96,113.48851148851149
907,96,113.44855144855144
908,96,113.35664335664336
909,96,113.23876123876124
910,96,113.14885114885115
911,96,113.1028971028971
912,96,113.00699300699301
913,96,112.96103896103897
914,96,112.85514485514486
915,96,112.7972027972028
916,96,112.66933066933066
917,94,112.6013986013986
918,94,112.55544455544455
919,94,112.4995004995005
920,90,112.41358641358642
921,90,112.32567432567433
922,90,112.25174825174825
923,90,112.2037962037962
924,90,112.17382617382617
925,90,112.12587412587412
926,90,112.08391608391608
927,90,112.05394605394605
928,90,111.992007992008
929,90,111.89410589410589
930,90,111.77022977022978
931,90,111.71628371628371
932,90,111.67632367632368
933,90,111.64635364635365
934,90,111.59040959040959
935,90,111.50449550449551
936,90,111.44055944055944
937,90,111.35664335664336
938,90,111.28471528471529
939,90,111.21678321678321
940,90,111.17882117882118
941,90,111.12687312687312
942,90,111.07292707292707
943,90,111.04695304695305
944,90,110.991008991009
945,90,110.93106893106894
946,90,110.9050949050949
947,90,110.86713286713287
948,90,110.82917082917083
949,90,110.79320679320679
950,90,110.72727272727273
951,90,110.68131868131869
952,90,110.64135864135864
953,90,110.6113886113886
954,90,110.55544455544455
955,90,110.51548451548452
956,90,110.45154845154845
957,90,110.3956043956044
958,90,110.34365634365635
959,90,110.2977022977023
960,90,110.25774225774225
961,90,110.22977022977022
962,90,110.17982017982018
963,90,110.13386613386614
964,90,110.08191808191808
965,90,110.04195804195804
966,90,110.0
967,90,109.92807192807193
968,90,109.89010989010988
969,90,109.84415584415585
970,90,109.77822177822178
971,90,109.72227772227772
972,90,109.66633366633367
973,90,109.65034965034965
974,90,109.56843156843156
975,90,109.51248751248751
976,90,109.46453546453546
977,90,109.35464535464536
978,90,109.26873126873127
979,90,109.17082917082917
980,90,109.1028971028971
981,90,109.04095904095904
982,90,108.97502497502498
983,90,108.93306693306694
984,90,108.85714285714286
985,90,108.77322677322677
986,90,108.73126873126873
987,90,108.7012987012987
988,90,108.64135864135864
989,90,108.5954045954046
990,90,108.52947052947053
991,90,108.48551448551449
992,90,108.45554445554446
993,90,108.4055944055944
994,90,108.35764235764236
995,90,108.31368631368632
996,90,108.28171828171828
997,90,108.22777222777223
998,90,108.17982017982018
999,90,108.13786213786214
1000,90,108.0999000999001
1001,90,108.04595404595405
1002,90,108.001998001998
1003,90,107.91208791208791
1004,90,107.85014985014985
1005,90,107.78821178821178
1006,90,107.72027972027972
1007,90,107.65634365634365
1008,90,107.60639360639361
1009,90,107.55844155844156
1010,90,107.48851148851149
1011,90,107.4005994005994
1012,90,107.35064935064935
1013,90,107.2967032967033
1014,90,107.21878121878122
1015,90,107.15684315684315
1016,90,107.10689310689311
1017,90,107.03496503496504
1018,90,106.94505494505495
1019,90,106.87912087912088
1020,90,106.77922077922078
1021,90,106.71728271728271
1022,90,106.62937062937063
1023,90,106.54545454545455
1024,90,106.51348651348651
1025,90,106.48551448551449
1026,90,106.43556443556443
1027,90,106.36163836163836
1028,90,106.31768231768231
1029,90,106.26173826173826
1030,90,106.1958041958042
1031,90,106.12787212787212
1032,90,106.07992007992009
1033,90,106.02597402597402
1034,90,105.98801198801199
1035,90,105.92407592407592
1036,90,105.85814185814186
1037,90,105.8021978021978
1038,90,105.74625374625374
1039,90,105.70829170829171
1040,90,105.66033966033966
1041,90,105.6003996003996
1042,90,105.56443556443557
1043,90,105.50449550449551
1044,90,105.46253746253747
1045,90,105.40259740259741
1046,90,105.34865134865134
1047,90,105.25674325674326
1048,90,105.20879120879121
1049,90,105.15284715284716
1050,90,105.07892107892108
1051,90,105.01498501498502
1052,90,104.93106893106894
1053,90,104.85914085914087
1054,90,104.81518481518482
1055,90,104.76123876123876
1056,90,104.67132867132867
1057,90,104.61538461538461
1058,90,104.5094905094905
1059,90,104.44555444555445
1060,90,104.3996003996004
1061,90,104.36363636363636
1062,90,104.31568431568432
1063,90,104.23576423576424
1064,90,104.18381618381619
1065,90,104.10989010989012
1066,90,104.07592407592408
1067,90,104.03796203796203
1068,90,103.98201798201798
1069,90,103.93206793206794
1070,90,103.87412587412588
1071,90,103.82417582417582
1072,90,103.75424575424576
1073,90,103.65034965034965
1074,90,103.59040959040959
1075,90,103.53446553446554
1076,90,103.48251748251748
1077,90,103.4045954045954
1078,90,103.36863136863137
1079,90,103.29270729270729
1080,90,103.24875124875125
1081,90,103.14085914085913
1082,90,103.08491508491508
1083,90,103.02297702297702
1084,90,102.96103896103897
1085,90,102.91708291708292
1086,90,102.84715284715284
1087,90,102.78521478521479
1088,90,102.73926073926074
1089,90,102.68531468531468
1090,90,102.63136863136863
1091,90,102.55344655344655
1092,90,102.5074925074925
1093,90,102.47552447552448
1094,90,102.43156843156844
1095,90,102.37762237762237
1096,90,102.32967032967034
1097,90,102.27372627372627
1098,90,102.23176823176823
1099,90,102.18781218781218
1100,90,102.14785214785215
1101,90,102.07192807192807
1102,90,102.007992007992
1103,90,101.98401598401598
1104,90,101.9000999000999
1105,90,101.85214785214785
1106,90,101.7982017982018
1107,90,101.76023976023976
1108,90,101.7062937062937
1109,90,101.65034965034965
1110,90,101.60639360639361
1111,90,101.54845154845155
1112,90,101.49450549450549
1113,90,101.42857142857143
1114,90,101.34665334665334
1115,90,101.28871128871128
1116,90,101.23276723276723
1117,90,101.14085914085913
1118,90,101.09690309690309
1119,90,101.04895104895105
1120,90,101.000999000999
1121,90,100.96503496503496
1122,90,100.92107892107892
1123,90,100.88111888111888
1124,88,100.80919080919081
1125,88,100.76923076923077
1126,88,100.73926073926074
1127,88,100.7052947052947
1128,88,100.64535464535464
1129,88,100.5914085914086
1130,88,100.55144855144856
1131,88,100.5094905094905
1132,88,100.46553446553446
1133,88,100.42757242757243
1134,88,100.3956043956044
1135,88,100.35764235764236
1136,88,100.3036963036963
1137,88,100.25974025974025
1138,88,100.21178821178822
1139,88,100.16583416583417
1140,88,100.12787212787212
1141,88,100.06793206793206
1142,88,100.02597402597402
1143,88,99.992007992008
1144,88,99.92607392607393
1145,88,99.88411588411589
1146,88,99.86213786213786
1147,88,99.82817182817183
1148,88,99.79220779220779
1149,88,99.76023976023976
1150,88,99.73626373626374
1151,88,99.71828171828172
1152,84,99.69030969030969
1153,84,99.67232767232767
1154,84,99.65234765234766
1155,84,99.62637362637362
1156,84,99.59640359640359
1157,84,99.58241758241758
1158,84,99.53446553446554
1159,84,99.4905094905095
1160,84,99.46853146853147
1161,84,99.44855144855144
1162,84,99.43456543456543
1163,84,99.38661338661339
1164,84,99.33266733266733
1165,84,99.31068931068931
1166,84,99.28871128871128
1167,84,99.25074925074925
1168,84,99.21278721278722
1169,84,99.18281718281719
1170,84,99.16083916083916
1171,84,99.12887112887113
1172,84,99.09690309690309
1173,84,99.05494505494505
1174,84,99.01298701298701
1175,84,98.97302697302698
1176,84,98.95304695304695
1177,84,98.91708291708292
1178,84,98.88311688311688
1179,84,98.84715284715284
1180,84,98.8051948051948
1181,84,98.75924075924075
1182,84,98.7132867132867
1183,84,98.66533466533467
1184,84,98.6113886113886
1185,84,98.58341658341658
1186,84,98.53746253746253
1187,84,98.47552447552448
1188,84,98.43356643356644
1189,84,98.39160839160839
1190,84,98.32767232767233
1191,84,98.26773226773227
1192,84,98.21378621378621
1193,84,98.15784215784215
1194,84,98.11588411588411
1195,84,98.07592407592408
1196,84,98.03596403596404
1197,84,98.01398601398601
1198,84,97.96403596403596
1199,84,97.91808191808192
1200,84,97.84215784215785
1201,84,97.7942057942058
1202,84,97.76823176823177
1203,84,97.73626373626374
1204,84,97.6983016983017
1205,84,97.68431568431568
1206,84,97.67032967032966
1207,84,97.5984015984016
1208,84,97.57042957042957
1209,84,97.55044955044956
1210,84,97.51848151848152
1211,84,97.49450549450549
1212,84,97.46453546453546
1213,84,97.42057942057941
1214,84,97.39460539460539
1215,84,97.38661338661339
1216,84,97.36063936063935
1217,84,97.33466533466533
1218,84,97.28871128871128
1219,84,97.25674325674326
1220,84,97.21278721278722
1221,84,97.18881118881119
1222,84,97.17082917082917
1223,84,97.13086913086913
1224,84,97.12287712287713
1225,84,97.1008991008991
1226,84,97.05494505494505
1227,84,97.02497502497502
1228,84,96.98501498501498
1229,84,96.95304695304695
1230,84,96.8891108891109
1231,84,96.84915084915085
1232,84,96.8051948051948
1233,84,96.76323676323676
1234,84,96.7052947052947
1235,84,96.64735264735265
1236,84,96.6013986013986
1237,84,96.56143856143856
1238,84,96.52547452547452
1239,84,96.47752247752248
1240,84,96.42957042957043
1241,84,96.38561438561439
1242,84,96.35564435564436
1243,84,96.33566433566433
1244,84,96.28571428571429
1245,84,96.27372627372627
1246,84,96.24775224775225
1247,84,96.22377622377623
1248,84,96.18981018981019
1249,84,96.18181818181819
1250,84,96.14785214785215
1251,84,96.13186813186813
1252,84,96.12187812187813
1253,84,96.10589410589411
1254,84,96.09590409590409
1255,84,96.05994005994006
1256,84,96.04795204795205
1257,84,96.03796203796203
1258,84,95.99600399600399
1259,84,95.96403596403596
1260,84,95.94005994005994
1261,84,95.89210789210789
1262,84,95.88011988011988
1263,84,95.84615384615384
1264,84,95.82017982017982
1265,84,95.76423576423576
1266,84,95.73826173826174
1267,84,95.70829170829171
1268,84,95.67632367632368
1269,84,95.65034965034965
1270,84,95.62037962037962
1271,84,95.58041958041959
1272,84,95.54845154845155
1273,84,95.52447552447552
1274,84,95.5004995004995
1275,84,95.47852147852147
1276,84,95.43056943056943
1277,84,95.3986013986014
1278,84,95.38061938061938
1279,84,95.34465534465535
1280,84,95.30869130869131
1281,84,95.27472527472527
1282,84,95.24475524475524
1283,84,95.22877122877122
1284,84,95.21078921078922
1285,84,95.17482517482517
1286,84,95.12487512487513
1287,84,95.0909090909091
1288,84,95.05694305694306
1289,84,95.01098901098901
1290,84,94.97102897102897
1291,84,94.94305694305694
1292,84,94.89310689310689
1293,84,94.85314685314685
1294,84,94.82317682317682
1295,84,94.76723276723277
1296,84,94.72327672327673
1297,84,94.7032967032967
1298,84,94.67132867132867
1299,84,94.62537462537462
1300,84,94.57942057942059
1301,84,94.53946053946053
1302,84,94.49350649350649
1303,84,94.45154845154845
1304,84,94.41358641358642
1305,84,94.39160839160839
1306,84,94.36763236763237
1307,84,94.34565434565434
1308,84,94.31168831168831
1309,84,94.2937062937063
1310,84,94.26973026973027
1311,84,94.24575424575424
1312,84,94.21978021978022
1313,84,94.1938061938062
1314,84,94.17582417582418
1315,84,94.15384615384616
1316,84,94.11988011988012
1317,84,94.0919080919081
1318,84,94.07192807192807
1319,84,94.04595404595405
1320,84,94.02597402597402
1321,84,94.00999000999
1322,84,93.98601398601399
1323,84,93.97002997002997
1324,84,93.93006993006993
1325,84,93.89210789210789
1326,84,93.86813186813187
1327,84,93.85214785214785
1328,84,93.82817182817183
1329,84,93.8001998001998
1330,84,93.78021978021978
1331,84,93.75824175824175
1332,84,93.72027972027972
1333,84,93.6943056943057
1334,84,93.68231768231769
1335,84,93.66633366633367
1336,84,93.62237762237763
1337,84,93.60639360639361
1338,84,93.58041958041959
1339,84,93.55844155844156
1340,84,93.53446553446554
1341,84,93.4985014985015
1342,84,93.46453546453546
1343,84,93.45054945054945
1344,84,93.42857142857143
1345,84,93.4065934065934
1346,84,93.36863136863137
1347,84,93.33666333666334
1348,84,93.2947052947053
1349,84,93.27072927072928
1350,84,93.22877122877122
1351,84,93.18881118881119
1352,84,93.14285714285714
1353,84,93.11688311688312
1354,84,93.0949050949051
1355,84,93.06693306693306
1356,84,93.03496503496504
1357,84,93.00499500499501
1358,84,92.95504495504495
1359,84,92.95104895104895
1360,84,92.93906093906094
1361,84,92.93306693306694
1362,84,92.91108891108891
1363,84,92.9090909090909
1364,84,92.89310689310689
1365,84,92.88711288711289
1366,84,92.88311688311688
1367,84,92.85514485514486
1368,84,92.84715284715284
1369,84,92.83916083916084
1370,84,92.83116883116882
1371,84,92.80919080919081
1372,84,92.8031968031968
1373,84,92.7992007992008
1374,84,92.77922077922078
1375,84,92.77122877122878
1376,84,92.76123876123876
1377,84,92.72927072927072
1378,84,92.71528471528471
1379,84,92.7052947052947
1380,84,92.66733266733267
1381,84,92.66133866133866
1382,84,92.64935064935065
1383,84,92.61738261738262
1384,84,92.5914085914086
1385,84,92.56743256743256
1386,84,92.55144855144856
1387,84,92.54145854145854
1388,84,92.52147852147853
1389,84,92.5014985014985
1390,84,92.47552447552448
1391,84,92.45954045954046
1392,84,92.43756243756243
1393,84,92.42357642357642
1394,84,92.3996003996004
1395,84,92.38561438561439
1396,84,92.36963036963037
1397,84,92.35164835164835
1398,84,92.32567432567433
1399,84,92.29170829170829
1400,84,92.27372627372627
1401,84,92.25174825174825
1402,84,92.23576423576424
1403,84,92.21578421578421
1404,84,92.19180819180819
1405,84,92.16383616383617
1406,84,92.13386613386614
1407,84,92.12387612387613
1408,82,92.08791208791209
1409,82,92.06993006993007
1410,82,92.05194805194805
1411,82,92.03396603396604
1412,82,92.00999000999
1413,82,91.98001998001997
1414,82,91.96003996003996
1415,82,91.94205794205794
1416,82,91.90409590409591
1417,82,91.88011988011988
1418,82,91.85014985014985
1419,82,91.81618381618381
1420,82,91.78221778221778
1421,82,91.76023976023976
1422,82,91.72427572427573
1423,82,91.69030969030969
1424,82,91.66433566433567
1425,82,91.63236763236763
1426,82,91.59640359640359
1427,82,91.55844155844156
1428,82,91.53046953046953
1429,82,91.5104895104895
1430,82,91.48251748251748
1431,82,91.44855144855144
1432,82,91.4085914085914
1433,82,91.36463536463536
1434,82,91.32867132867133
1435,82,91.3006993006993
1436,82,91.27072927072928
1437,82,91.24075924075925
1438,82,91.21878121878122
1439,82,91.2007992007992
1440,82,91.16683316683317
1441,82,91.13486513486514
1442,82,91.0989010989011
1443,82,91.08091908091907
1444,82,91.02697302697302
1445,82,90.98901098901099
1446,82,90.94505494505495
1447,82,90.91508491508492
1448,82,90.86513486513486
1449,82,90.83316683316683
1450,82,90.7992007992008
1451,82,90.76523476523477
1452,82,90.71528471528471
1453,82,90.67732267732268
1454,82,90.64535464535464
1455,82,90.62737262737262
1456,82,90.60939060939062
1457,82,90.6033966033966
1458,82,90.58741258741259
1459,82,90.57142857142857
1460,82,90.55744255744256
1461,82,90.52547452547452
1462,82,90.51348651348651
1463,82,90.5014985014985
1464,82,90.46753246753246
1465,82,90.42757242757243
1466,82,90.41958041958041
1467,82,90.3996003996004
1468,82,90.37762237762237
1469,82,90.36163836163836
1470,82,90.34165834165834
1471,82,90.31568431568432
1472,82,90.3076923076923
1473,82,90.2977022977023
1474,82,90.26173826173826
1475,82,90.24775224775225
1476,82,90.23576423576424
1477,82,90.21778221778222
1478,82,90.19180819180819
1479,82,90.16383616383617
1480,82,90.14185814185814
1481,82,90.13186813186813
1482,82,90.11788211788212
1483,82,90.10789210789211
1484,82,90.07392607392607
1485,82,90.05794205794206
1486,82,90.04195804195804
1487,82,90.01998001998003
1488,82,90.001998001998
1489,82,89.97202797202797
1490,82,89.95804195804196
1491,82,89.92807192807193
1492,82,89.9060939060939
1493,82,89.86413586413586
1494,82,89.84815184815184
1495,82,89.81818181818181
1496,82,89.7962037962038
1497,82,89.76023976023976
1498,80,89.73226773226773
1499,80,89.70829170829171
1500,80,89.68631368631368
