Epochs,Best fitness,Average fitness
1,1666,2441.120879120879
2,1666,2432.16983016983
3,1666,2420.7732267732267
4,1666,2417.004995004995
5,1250,2405.7162837162837
6,1250,2398.051948051948
7,1110,2385.1268731268733
8,1110,2373.7242757242757
9,1110,2364.3996003996003
10,1110,2349.018981018981
11,1110,2335.78021978022
12,1110,2325.77022977023
13,1110,2318.6273726273726
14,1110,2303.0289710289712
15,1110,2290.809190809191
16,1110,2275.932067932068
17,1110,2265.220779220779
18,1110,2253.114885114885
19,1110,2243.2687312687312
20,1110,2229.368631368631
21,792,2211.7262737262736
22,792,2189.8321678321677
23,792,2174.925074925075
24,792,2166.8651348651347
25,792,2152.933066933067
26,792,2142.005994005994
27,792,2130.875124875125
28,792,2118.6613386613385
29,768,2102.3636363636365
30,768,2084.703296703297
31,768,2069.2007992007993
32,768,2045.7842157842158
33,768,2027.9080919080918
34,768,2012.981018981019
35,768,1991.7902097902097
36,768,1971.8621378621378
37,768,1953.004995004995
38,768,1936.5034965034965
39,696,1913.7322677322677
40,696,1894.8431568431567
41,696,1868.3476523476525
42,696,1843.1728271728273
43,584,1820.5594405594406
44,548,1798.0759240759241
45,548,1778.6933066933068
46,442,1750.4575424575426
47,442,1726.135864135864
48,370,1697.2547452547453
49,370,1669.180819180819
50,370,1636.8331668331668
51,370,1602.4275724275724
52,370,1577.2207792207791
53,370,1550.003996003996
54,370,1521.082917082917
55,370,1494.2997002997004
56,370,1468.4955044955045
57,300,1440.5974025974026
58,300,1408.2057942057943
59,300,1378.8631368631368
60,300,1349.8781218781219
61,300,1306.2757242757243
62,238,1268.1758241758241
63,238,1240.901098901099
64,238,1213.5484515484516
65,252,1179.7862137862137
66,252,1157.8081918081919
67,252,1132.2497502497502
68,252,1106.171828171828
69,224,1083.5884115884116
70,224,1053.902097902098
71,216,1025.1788211788212
72,216,992.9330669330669
73,216,968.8551448551449
74,216,942.1938061938062
75,216,921.9420579420579
76,216,891.3046953046953
77,216,863.9700299700299
78,216,838.1738261738262
79,206,812.1558441558442
80,206,790.1438561438562
81,206,767.0969030969031
82,206,739.3266733266734
83,206,724.6113886113886
84,194,698.7292707292708
85,194,680.2197802197802
86,194,661.1148851148852
87,194,639.8761238761239
88,194,621.5064935064935
89,194,600.3016983016983
90,188,588.2237762237762
91,188,563.2027972027972
92,188,536.3136863136863
93,188,522.8851148851148
94,188,501.14485514485517
95,188,487.74825174825173
96,170,468.1078921078921
97,170,446.27172827172825
98,164,430.8011988011988
99,144,418.16583416583416
100,144,392.94705294705295
101,148,378.4915084915085
102,164,363.4185814185814
103,164,351.1008991008991
104,164,339.26673326673324
105,164,327.25274725274727
106,150,310.3776223776224
107,150,299.6963036963037
108,156,291.2567432567433
109,156,280.93706293706293
110,162,274.4875124875125
111,162,263.6083916083916
112,152,256.4055944055944
113,152,251.02697302697302
114,152,242.6833166833167
115,152,233.73026973026973
116,148,225.6983016983017
117,156,221.35064935064935
118,140,217.11888111888112
119,140,213.44855144855146
120,138,207.34465534465534
121,138,204.08591408591408
122,138,199.7922077922078
123,138,194.3096903096903
124,126,190.62937062937064
125,126,187.3946053946054
126,126,184.14785214785215
127,126,178.74925074925076
128,126,175.07892107892107
129,126,171.3186813186813
130,126,169.96803196803197
131,126,166.98901098901098
132,126,167.3986013986014
133,126,165.27472527472528
134,126,164.02797202797203
135,126,162.73326673326673
136,128,160.3936063936064
137,128,157.54845154845154
138,128,156.67532467532467
139,128,158.1058941058941
140,130,157.55844155844156
141,130,155.996003996004
142,140,160.33366633366634
143,132,164.53946053946055
144,146,164.45754245754244
145,146,162.4015984015984
146,150,161.82217782217782
147,150,162.43756243756243
148,148,161.28471528471528
149,144,162.1158841158841
150,148,162.03596403596404
151,132,160.24975024975026
152,132,160.3116883116883
153,132,157.51448551448553
154,128,155.3906093906094
155,128,156.73326673326673
156,128,154.4015984015984
157,128,155.16883116883116
158,128,156.74325674325675
159,130,156.65934065934067
160,126,153.74225774225775
161,126,157.17682317682318
162,126,157.3926073926074
163,126,154.43156843156842
164,124,156.95104895104896
165,126,155.53046953046953
166,132,159.49050949050948
167,124,158.05394605394605
168,118,160.7072927072927
169,118,162.26773226773227
170,118,162.04595404595403
171,118,161.66033966033967
172,150,162.99100899100898
173,146,159.92207792207793
174,144,158.53546453546454
175,144,155.84215784215783
176,134,156.08191808191808
177,134,155.95204795204796
178,128,153.83616383616385
179,128,152.45954045954045
180,128,157.7242757242757
181,128,154.3176823176823
182,134,157.8141858141858
183,134,157.35864135864136
184,134,159.43856143856144
185,144,161.020979020979
186,144,159.34865134865134
187,136,155.6843156843157
188,130,162.2037962037962
189,130,158.7032967032967
190,132,159.63636363636363
191,132,155.43056943056942
192,132,156.26573426573427
193,144,157.19280719280718
194,144,158.25174825174824
195,148,159.06693306693307
196,142,159.3006993006993
197,142,160.1838161838162
198,142,161.8101898101898
199,142,160.96703296703296
200,142,161.73026973026973
201,142,158.80519480519482
202,150,166.44955044955046
203,142,167.0949050949051
204,142,163.84215784215783
205,140,160.26773226773227
206,140,168.3096903096903
207,140,162.56543456543457
208,124,155.998001998002
209,128,154.43756243756243
210,130,152.65734265734267
211,144,158.00799200799202
212,148,162.86913086913086
213,146,160.96503496503496
214,142,159.14285714285714
215,130,156.99100899100898
216,128,154.21578421578423
217,132,161.73026973026973
218,132,163.6863136863137
219,142,158.28771228771228
220,142,153.8881118881119
221,148,168.94505494505495
222,144,164.96903096903097
223,154,165.27272727272728
224,150,163.2987012987013
225,146,169.78021978021977
226,146,167.9080919080919
227,146,167.75024975024974
228,146,168.37962037962038
229,146,174.75724275724275
230,144,164.02597402597402
231,144,167.75424575424574
232,144,167.55644355644355
233,156,166.33366633366634
234,156,167.33466533466535
235,144,163.36663336663338
236,144,160.3116883116883
237,144,161.52447552447552
238,144,165.55844155844156
239,154,161.6963036963037
240,152,159.75824175824175
241,156,167.63636363636363
242,156,162.94905094905096
243,152,153.62637362637363
244,144,154.2077922077922
245,152,160.32767232767233
246,144,150.86113886113887
247,134,151.5164835164835
248,134,148.48551448551447
249,142,151.62437562437563
250,132,148.62537462537463
251,132,142.12187812187813
252,132,141.53046953046953
253,130,145.37662337662337
254,130,146.75724275724275
255,136,149.64235764235764
256,140,165.86013986013987
257,134,160.75524475524475
258,124,156.04395604395606
259,142,163.1888111888112
260,144,181.76623376623377
261,144,183.8861138861139
262,144,178.16183816183815
263,144,157.66633366633366
264,144,158.8151848151848
265,144,168.44755244755245
266,144,156.30569430569432
267,138,143.2987012987013
268,144,148.83116883116884
269,144,162.45954045954045
270,144,167.54245754245756
271,144,164.36563436563438
272,144,150.6033966033966
273,130,139.6063936063936
274,144,158.35364635364635
275,144,152.74325674325675
276,144,153.56043956043956
277,144,168.58141858141857
278,154,186.82717282717283
279,146,192.76923076923077
280,152,168.07592407592406
281,152,176.4095904095904
282,144,154.88311688311688
283,144,160.03796203796205
284,134,178.7992007992008
285,134,178.6993006993007
286,134,170.67532467532467
287,134,156.03996003996005
288,134,156.8091908091908
289,134,160.57742257742257
290,134,161.35464535464536
291,134,169.54645354645353
292,134,174.1038961038961
293,134,169.96403596403596
294,148,183.44855144855146
295,162,183.4065934065934
296,162,179.04095904095905
297,168,178.32767232767233
298,172,177.54045954045955
299,146,159.004995004995
300,138,154.63936063936063
301,158,164.71328671328672
302,172,177.05494505494505
303,158,164.78321678321677
304,158,158.0
305,158,167.55044955044954
306,132,153.46053946053945
307,132,141.1108891108891
308,132,140.9110889110889
309,132,147.6083916083916
310,132,140.53146853146853
311,132,139.46253746253745
312,150,150.0
313,150,157.24675324675326
314,150,150.0
315,150,150.0
316,144,146.36763236763238
317,146,147.53446553446554
318,146,148.22977022977022
319,146,153.17282717282717
320,146,155.67832167832168
321,156,161.98801198801198
322,156,164.28571428571428
323,156,162.7032967032967
324,156,160.04195804195805
325,156,158.71728271728273
326,156,157.014985014985
327,130,137.04295704295706
328,146,149.06293706293707
329,146,148.86713286713288
330,146,148.6153846153846
331,160,168.05194805194805
332,164,168.8011988011988
333,160,167.96203796203795
334,148,165.3846153846154
335,148,165.25274725274724
336,154,166.4835164835165
337,154,166.46753246753246
338,144,164.1818181818182
339,148,165.01098901098902
340,156,166.7972027972028
341,158,167.2067932067932
342,168,169.52247752247752
343,170,171.35464535464536
344,166,168.13786213786213
345,166,170.32967032967034
346,166,168.15784215784217
347,166,171.6043956043956
348,166,172.8011988011988
349,166,170.63936063936063
350,186,187.82217782217782
351,186,189.91608391608392
352,186,188.2097902097902
353,186,187.7062937062937
354,186,187.17482517482517
355,186,186.04795204795204
356,186,186.00799200799202
357,186,186.0
358,186,186.0
359,186,186.0
360,186,186.0
361,186,186.0
362,186,186.0
363,186,186.0
364,186,186.0
365,186,186.0
366,186,186.0
367,186,186.0
368,186,186.0
369,186,186.0
370,186,186.0
371,186,186.0
372,186,186.0
373,186,186.0
374,186,186.0
375,186,186.0
376,186,186.0
377,186,186.0
378,186,186.0
379,186,186.0
380,186,186.0
381,186,186.0
382,186,186.0
383,186,186.0
384,186,186.0
385,186,186.0
386,186,186.0
387,186,186.0
388,186,186.0
389,186,186.0
390,186,186.0
391,186,186.0
392,186,186.0
393,186,186.0
394,186,186.0
395,186,186.0
396,186,186.0
397,186,186.0
398,186,186.0
399,186,186.0
400,186,186.0
401,186,186.0
402,186,186.0
403,186,186.0
404,186,186.0
405,186,186.0
406,186,186.0
407,186,186.0
408,186,186.0
409,186,186.0
410,186,186.0
411,186,186.0
412,186,186.0
413,186,186.0
414,186,186.0
415,186,186.0
416,186,186.0
417,186,186.0
418,186,186.0
419,186,186.0
420,186,186.0
421,186,186.0
422,186,186.0
423,186,186.0
424,186,186.0
425,186,186.0
426,186,186.0
427,186,186.0
428,186,186.0
429,186,186.0
430,186,186.0
431,186,186.0
432,186,186.0
433,186,186.0
434,186,186.0
435,186,186.0
436,186,186.0
437,186,186.0
438,186,186.0
439,186,186.0
440,186,186.0
441,186,186.0
442,186,186.0
443,186,186.0
444,186,186.0
445,186,186.0
446,186,186.0
447,186,186.0
448,186,186.0
449,186,186.0
450,186,186.0
451,186,186.0
452,186,186.0
453,186,186.0
454,186,186.0
455,186,186.0
456,186,186.0
457,186,186.0
458,186,186.0
459,186,186.0
460,186,186.0
461,186,186.0
462,186,186.0
463,186,186.0
464,186,186.0
465,186,186.0
466,186,186.0
467,186,186.0
468,186,186.0
469,186,186.0
470,186,186.0
471,186,186.0
472,186,186.0
473,186,186.0
474,186,186.0
475,186,186.0
476,186,186.0
477,186,186.0
478,186,186.0
479,186,186.0
480,186,186.0
481,186,186.0
482,186,186.0
483,186,186.0
484,186,186.0
485,186,186.0
486,186,186.0
487,186,186.0
488,186,186.0
489,186,186.0
490,186,186.0
491,186,186.0
492,186,186.0
493,186,186.0
494,186,186.0
495,186,186.0
496,186,186.0
497,186,186.0
498,186,186.0
499,186,186.0
500,186,186.0
501,186,186.0
502,186,186.0
503,186,186.0
504,186,186.0
505,186,186.0
506,186,186.0
507,186,186.0
508,186,186.0
509,186,186.0
510,186,186.0
511,186,186.0
512,186,186.0
513,186,186.0
514,186,186.0
515,186,186.0
516,186,186.0
517,186,186.0
518,186,186.0
519,186,186.0
520,186,186.0
521,186,186.0
522,186,186.0
523,186,186.0
524,186,186.0
525,186,186.0
526,186,186.0
527,186,186.0
528,186,186.0
529,186,186.0
530,186,186.0
531,186,186.0
532,186,186.0
533,186,186.0
534,186,186.0
535,186,186.0
536,186,186.0
537,186,186.0
538,186,186.0
539,186,186.0
540,186,186.0
541,186,186.0
542,186,186.0
543,186,186.0
544,186,186.0
545,186,186.0
546,186,186.0
547,186,186.0
548,186,186.0
549,186,186.0
550,186,186.0
551,186,186.0
552,186,186.0
553,186,186.0
554,186,186.0
555,186,186.0
556,186,186.0
557,186,186.0
558,186,186.0
559,186,186.0
560,186,186.0
561,186,186.0
562,186,186.0
563,186,186.0
564,186,186.0
565,186,186.0
566,186,186.0
567,186,186.0
568,186,186.0
569,186,186.0
570,186,186.0
571,186,186.0
572,186,186.0
573,186,186.0
574,186,186.0
575,186,186.0
576,186,186.0
577,186,186.0
578,186,186.0
579,186,186.0
580,186,186.0
581,186,186.0
582,186,186.0
583,186,186.0
584,186,186.0
585,186,186.0
586,186,186.0
587,186,186.0
588,186,186.0
589,186,186.0
590,186,186.0
591,186,186.0
592,186,186.0
593,186,186.0
594,186,186.0
595,186,186.0
596,186,186.0
597,186,186.0
598,186,186.0
599,186,186.0
600,186,186.0
601,186,186.0
602,186,186.0
603,186,186.0
604,186,186.0
605,186,186.0
606,186,186.0
607,186,186.0
608,186,186.0
609,186,186.0
610,186,186.0
611,186,186.0
612,186,186.0
613,186,186.0
614,186,186.0
615,186,186.0
616,186,186.0
617,186,186.0
618,186,186.0
619,186,186.0
620,186,186.0
621,186,186.0
622,186,186.0
623,186,186.0
624,186,186.0
625,186,186.0
626,186,186.0
627,186,186.0
628,186,186.0
629,186,186.0
630,186,186.0
631,186,186.0
632,186,186.0
633,186,186.0
634,186,186.0
635,186,186.0
636,186,186.0
637,186,186.0
638,186,186.0
639,186,186.0
640,186,186.0
641,186,186.0
642,186,186.0
643,186,186.0
644,186,186.0
645,186,186.0
646,186,186.0
647,186,186.0
648,186,186.0
649,186,186.0
650,186,186.0
651,186,186.0
652,186,186.0
653,186,186.0
654,186,186.0
655,186,186.0
656,186,186.0
657,186,186.0
658,186,186.0
659,186,186.0
660,186,186.0
661,186,186.0
662,186,186.0
663,186,186.0
664,186,186.0
665,186,186.0
666,186,186.0
667,186,186.0
668,186,186.0
669,186,186.0
670,186,186.0
671,186,186.0
672,186,186.0
673,186,186.0
674,186,186.0
675,186,186.0
676,186,186.0
677,186,186.0
678,186,186.0
679,186,186.0
680,186,186.0
681,186,186.0
682,186,186.0
683,186,186.0
684,186,186.0
685,186,186.0
686,186,186.0
687,186,186.0
688,186,186.0
689,186,186.0
690,186,186.0
691,186,186.0
692,186,186.0
693,186,186.0
694,186,186.0
695,186,186.0
696,186,186.0
697,186,186.0
698,186,186.0
699,186,186.0
700,186,186.0
701,186,186.0
702,186,186.0
703,186,186.0
704,186,186.0
705,186,186.0
706,186,186.0
707,186,186.0
708,186,186.0
709,186,186.0
710,186,186.0
711,186,186.0
712,186,186.0
713,186,186.0
714,186,186.0
715,186,186.0
716,186,186.0
717,186,186.0
718,186,186.0
719,186,186.0
720,186,186.0
721,186,186.0
722,186,186.0
723,186,186.0
724,186,186.0
725,186,186.0
726,186,186.0
727,186,186.0
728,186,186.0
729,186,186.0
730,186,186.0
731,186,186.0
732,186,186.0
733,186,186.0
734,186,186.0
735,186,186.0
736,186,186.0
737,186,186.0
738,186,186.0
739,186,186.0
740,186,186.0
741,186,186.0
742,186,186.0
743,186,186.0
744,186,186.0
745,186,186.0
746,186,186.0
747,186,186.0
748,186,186.0
749,186,186.0
750,186,186.0
751,186,186.0
752,186,186.0
753,186,186.0
754,186,186.0
755,186,186.0
756,186,186.0
757,186,186.0
758,186,186.0
759,186,186.0
760,186,186.0
761,186,186.0
762,186,186.0
763,186,186.0
764,186,186.0
765,186,186.0
766,186,186.0
767,186,186.0
768,186,186.0
769,186,186.0
770,186,186.0
771,186,186.0
772,186,186.0
773,186,186.0
774,186,186.0
775,186,186.0
776,186,186.0
777,186,186.0
778,186,186.0
779,186,186.0
780,186,186.0
781,186,186.0
782,186,186.0
783,186,186.0
784,186,186.0
785,186,186.0
786,186,186.0
787,186,186.0
788,186,186.0
789,186,186.0
790,186,186.0
791,186,186.0
792,186,186.0
793,186,186.0
794,186,186.0
795,186,186.0
796,186,186.0
797,186,186.0
798,186,186.0
799,186,186.0
800,186,186.0
801,186,186.0
802,186,186.0
803,186,186.0
804,186,186.0
805,186,186.0
806,186,186.0
807,186,186.0
808,186,186.0
809,186,186.0
810,186,186.0
811,186,186.0
812,186,186.0
813,186,186.0
814,186,186.0
815,186,186.0
816,186,186.0
817,186,186.0
818,186,186.0
819,186,186.0
820,186,186.0
821,186,186.0
822,186,186.0
823,186,186.0
824,186,186.0
825,186,186.0
826,186,186.0
827,186,186.0
828,186,186.0
829,186,186.0
830,186,186.0
831,186,186.0
832,186,186.0
833,186,186.0
834,186,186.0
835,186,186.0
836,186,186.0
837,186,186.0
838,186,186.0
839,186,186.0
840,186,186.0
841,186,186.0
842,186,186.0
843,186,186.0
844,186,186.0
845,186,186.0
846,186,186.0
847,186,186.0
848,186,186.0
849,186,186.0
850,186,186.0
851,186,186.0
852,186,186.0
853,186,186.0
854,186,186.0
855,186,186.0
856,186,186.0
857,186,186.0
858,186,186.0
859,186,186.0
860,186,186.0
861,186,186.0
862,186,186.0
863,186,186.0
864,186,186.0
865,186,186.0
866,186,186.0
867,186,186.0
868,186,186.0
869,186,186.0
870,186,186.0
871,186,186.0
872,186,186.0
873,186,186.0
874,186,186.0
875,186,186.0
876,186,186.0
877,186,186.0
878,186,186.0
879,186,186.0
880,186,186.0
881,186,186.0
882,186,186.0
883,186,186.0
884,186,186.0
885,186,186.0
886,186,186.0
887,186,186.0
888,186,186.0
889,186,186.0
890,186,186.0
891,186,186.0
892,186,186.0
893,186,186.0
894,186,186.0
895,186,186.0
896,186,186.0
897,186,186.0
898,186,186.0
899,186,186.0
900,186,186.0
901,186,186.0
902,186,186.0
903,186,186.0
904,186,186.0
905,186,186.0
906,186,186.0
907,186,186.0
908,186,186.0
909,186,186.0
910,186,186.0
911,186,186.0
912,186,186.0
913,186,186.0
914,186,186.0
915,186,186.0
916,186,186.0
917,186,186.0
918,186,186.0
919,186,186.0
920,186,186.0
921,186,186.0
922,186,186.0
923,186,186.0
924,186,186.0
925,186,186.0
926,186,186.0
927,186,186.0
928,186,186.0
929,186,186.0
930,186,186.0
931,186,186.0
932,186,186.0
933,186,186.0
934,186,186.0
935,186,186.0
936,186,186.0
937,186,186.0
938,186,186.0
939,186,186.0
940,186,186.0
941,186,186.0
942,186,186.0
943,186,186.0
944,186,186.0
945,186,186.0
946,186,186.0
947,186,186.0
948,186,186.0
949,186,186.0
950,186,186.0
951,186,186.0
952,186,186.0
953,186,186.0
954,186,186.0
955,186,186.0
956,186,186.0
957,186,186.0
958,186,186.0
959,186,186.0
960,186,186.0
961,186,186.0
962,186,186.0
963,186,186.0
964,186,186.0
965,186,186.0
966,186,186.0
967,186,186.0
968,186,186.0
969,186,186.0
970,186,186.0
971,186,186.0
972,186,186.0
973,186,186.0
974,186,186.0
975,186,186.0
976,186,186.0
977,186,186.0
978,186,186.0
979,186,186.0
980,186,186.0
981,186,186.0
982,186,186.0
983,186,186.0
984,186,186.0
985,186,186.0
986,186,186.0
987,186,186.0
988,186,186.0
989,186,186.0
990,186,186.0
991,186,186.0
992,186,186.0
993,186,186.0
994,186,186.0
995,186,186.0
996,186,186.0
997,186,186.0
998,186,186.0
999,186,186.0
1000,186,186.0
1001,186,186.0
1002,186,186.0
1003,186,186.0
1004,186,186.0
1005,186,186.0
1006,186,186.0
1007,186,186.0
1008,186,186.0
1009,186,186.0
1010,186,186.0
1011,186,186.0
1012,186,186.0
1013,186,186.0
1014,186,186.0
1015,186,186.0
1016,186,186.0
1017,186,186.0
1018,186,186.0
1019,186,186.0
1020,186,186.0
1021,186,186.0
1022,186,186.0
1023,186,186.0
1024,186,186.0
1025,186,186.0
1026,186,186.0
1027,186,186.0
1028,186,186.0
1029,186,186.0
1030,186,186.0
1031,186,186.0
1032,186,186.0
1033,186,186.0
1034,186,186.0
1035,186,186.0
1036,186,186.0
1037,186,186.0
1038,186,186.0
1039,186,186.0
1040,186,186.0
1041,186,186.0
1042,186,186.0
1043,186,186.0
1044,186,186.0
1045,186,186.0
1046,186,186.0
1047,186,186.0
1048,186,186.0
1049,186,186.0
1050,186,186.0
1051,186,186.0
1052,186,186.0
1053,186,186.0
1054,186,186.0
1055,186,186.0
1056,186,186.0
1057,186,186.0
1058,186,186.0
1059,186,186.0
1060,186,186.0
1061,186,186.0
1062,186,186.0
1063,186,186.0
1064,186,186.0
1065,186,186.0
1066,186,186.0
1067,186,186.0
1068,186,186.0
1069,186,186.0
1070,186,186.0
1071,186,186.0
1072,186,186.0
1073,186,186.0
1074,186,186.0
1075,186,186.0
1076,186,186.0
1077,186,186.0
1078,186,186.0
1079,186,186.0
1080,186,186.0
1081,186,186.0
1082,186,186.0
1083,186,186.0
1084,186,186.0
1085,186,186.0
1086,186,186.0
1087,186,186.0
1088,186,186.0
1089,186,186.0
1090,186,186.0
1091,186,186.0
1092,186,186.0
1093,186,186.0
1094,186,186.0
1095,186,186.0
1096,186,186.0
1097,186,186.0
1098,186,186.0
1099,186,186.0
1100,186,186.0
1101,186,186.0
1102,186,186.0
1103,186,186.0
1104,186,186.0
1105,186,186.0
1106,186,186.0
1107,186,186.0
1108,186,186.0
1109,186,186.0
1110,186,186.0
1111,186,186.0
1112,186,186.0
1113,186,186.0
1114,186,186.0
1115,186,186.0
1116,186,186.0
1117,186,186.0
1118,186,186.0
1119,186,186.0
1120,186,186.0
1121,186,186.0
1122,186,186.0
1123,186,186.0
1124,186,186.0
1125,186,186.0
1126,186,186.0
1127,186,186.0
1128,186,186.0
1129,186,186.0
1130,186,186.0
1131,186,186.0
1132,186,186.0
1133,186,186.0
1134,186,186.0
1135,186,186.0
1136,186,186.0
1137,186,186.0
1138,186,186.0
1139,186,186.0
1140,186,186.0
1141,186,186.0
1142,186,186.0
1143,186,186.0
1144,186,186.0
1145,186,186.0
1146,186,186.0
1147,186,186.0
1148,186,186.0
1149,186,186.0
1150,186,186.0
1151,186,186.0
1152,186,186.0
1153,186,186.0
1154,186,186.0
1155,186,186.0
1156,186,186.0
1157,186,186.0
1158,186,186.0
1159,186,186.0
1160,186,186.0
1161,186,186.0
1162,186,186.0
1163,186,186.0
1164,186,186.0
1165,186,186.0
1166,186,186.0
1167,186,186.0
1168,186,186.0
1169,186,186.0
1170,186,186.0
1171,186,186.0
1172,186,186.0
1173,186,186.0
1174,186,186.0
1175,186,186.0
1176,186,186.0
1177,186,186.0
1178,186,186.0
1179,186,186.0
1180,186,186.0
1181,186,186.0
1182,186,186.0
1183,186,186.0
1184,186,186.0
1185,186,186.0
1186,186,186.0
1187,186,186.0
1188,186,186.0
1189,186,186.0
1190,186,186.0
1191,186,186.0
1192,186,186.0
1193,186,186.0
1194,186,186.0
1195,186,186.0
1196,186,186.0
1197,186,186.0
1198,186,186.0
1199,186,186.0
1200,186,186.0
1201,186,186.0
1202,186,186.0
1203,186,186.0
1204,186,186.0
1205,186,186.0
1206,186,186.0
1207,186,186.0
1208,186,186.0
1209,186,186.0
1210,186,186.0
1211,186,186.0
1212,186,186.0
1213,186,186.0
1214,186,186.0
1215,186,186.0
1216,186,186.0
1217,186,186.0
1218,186,186.0
1219,186,186.0
1220,186,186.0
1221,186,186.0
1222,186,186.0
1223,186,186.0
1224,186,186.0
1225,186,186.0
1226,186,186.0
1227,186,186.0
1228,186,186.0
1229,186,186.0
1230,186,186.0
1231,186,186.0
1232,186,186.0
1233,186,186.0
1234,186,186.0
1235,186,186.0
1236,186,186.0
1237,186,186.0
1238,186,186.0
1239,186,186.0
1240,186,186.0
1241,186,186.0
1242,186,186.0
1243,186,186.0
1244,186,186.0
1245,186,186.0
1246,186,186.0
1247,186,186.0
1248,186,186.0
1249,186,186.0
1250,186,186.0
1251,186,186.0
1252,186,186.0
1253,186,186.0
1254,186,186.0
1255,186,186.0
1256,186,186.0
1257,186,186.0
1258,186,186.0
1259,186,186.0
1260,186,186.0
1261,186,186.0
1262,186,186.0
1263,186,186.0
1264,186,186.0
1265,186,186.0
1266,186,186.0
1267,186,186.0
1268,186,186.0
1269,186,186.0
1270,186,186.0
1271,186,186.0
1272,186,186.0
1273,186,186.0
1274,186,186.0
1275,186,186.0
1276,186,186.0
1277,186,186.0
1278,186,186.0
1279,186,186.0
1280,186,186.0
1281,186,186.0
1282,186,186.0
1283,186,186.0
1284,186,186.0
1285,186,186.0
1286,186,186.0
1287,186,186.0
1288,186,186.0
1289,186,186.0
1290,186,186.0
1291,186,186.0
1292,186,186.0
1293,186,186.0
1294,186,186.0
1295,186,186.0
1296,186,186.0
1297,186,186.0
1298,186,186.0
1299,186,186.0
1300,186,186.0
1301,186,186.0
1302,186,186.0
1303,186,186.0
1304,186,186.0
1305,186,186.0
1306,186,186.0
1307,186,186.0
1308,186,186.0
1309,186,186.0
1310,186,186.0
1311,186,186.0
1312,186,186.0
1313,186,186.0
1314,186,186.0
1315,186,186.0
1316,186,186.0
1317,186,186.0
1318,186,186.0
1319,186,186.0
1320,186,186.0
1321,186,186.0
1322,186,186.0
1323,186,186.0
1324,186,186.0
1325,186,186.0
1326,186,186.0
1327,186,186.0
1328,186,186.0
1329,186,186.0
1330,186,186.0
1331,186,186.0
1332,186,186.0
1333,186,186.0
1334,186,186.0
1335,186,186.0
1336,186,186.0
1337,186,186.0
1338,186,186.0
1339,186,186.0
1340,186,186.0
1341,186,186.0
1342,186,186.0
1343,186,186.0
1344,186,186.0
1345,186,186.0
1346,186,186.0
1347,186,186.0
1348,186,186.0
1349,186,186.0
1350,186,186.0
1351,186,186.0
1352,186,186.0
1353,186,186.0
1354,186,186.0
1355,186,186.0
1356,186,186.0
1357,186,186.0
1358,186,186.0
1359,186,186.0
1360,186,186.0
1361,186,186.0
1362,186,186.0
1363,186,186.0
1364,186,186.0
1365,186,186.0
1366,186,186.0
1367,186,186.0
1368,186,186.0
1369,186,186.0
1370,186,186.0
1371,186,186.0
1372,186,186.0
1373,186,186.0
1374,186,186.0
1375,186,186.0
1376,186,186.0
1377,186,186.0
1378,186,186.0
1379,186,186.0
1380,186,186.0
1381,186,186.0
1382,186,186.0
1383,186,186.0
1384,186,186.0
1385,186,186.0
1386,186,186.0
1387,186,186.0
1388,186,186.0
1389,186,186.0
1390,186,186.0
1391,186,186.0
1392,186,186.0
1393,186,186.0
1394,186,186.0
1395,186,186.0
1396,186,186.0
1397,186,186.0
1398,186,186.0
1399,186,186.0
1400,186,186.0
1401,186,186.0
1402,186,186.0
1403,186,186.0
1404,186,186.0
1405,186,186.0
1406,186,186.0
1407,186,186.0
1408,186,186.0
1409,186,186.0
1410,186,186.0
1411,186,186.0
1412,186,186.0
1413,186,186.0
1414,186,186.0
1415,186,186.0
1416,186,186.0
1417,186,186.0
1418,186,186.0
1419,186,186.0
1420,186,186.0
1421,186,186.0
1422,186,186.0
1423,186,186.0
1424,186,186.0
1425,186,186.0
1426,186,186.0
1427,186,186.0
1428,186,186.0
1429,186,186.0
1430,186,186.0
1431,186,186.0
1432,186,186.0
1433,186,186.0
1434,186,186.0
1435,186,186.0
1436,186,186.0
1437,186,186.0
1438,186,186.0
1439,186,186.0
1440,186,186.0
1441,186,186.0
1442,186,186.0
1443,186,186.0
1444,186,186.0
1445,186,186.0
1446,186,186.0
1447,186,186.0
1448,186,186.0
1449,186,186.0
1450,186,186.0
1451,186,186.0
1452,186,186.0
1453,186,186.0
1454,186,186.0
1455,186,186.0
1456,186,186.0
1457,186,186.0
1458,186,186.0
1459,186,186.0
1460,186,186.0
1461,186,186.0
1462,186,186.0
1463,186,186.0
1464,186,186.0
1465,186,186.0
1466,186,186.0
1467,186,186.0
1468,186,186.0
1469,186,186.0
1470,186,186.0
1471,186,186.0
1472,186,186.0
1473,186,186.0
1474,186,186.0
1475,186,186.0
1476,186,186.0
1477,186,186.0
1478,186,186.0
1479,186,186.0
1480,186,186.0
1481,186,186.0
1482,186,186.0
1483,186,186.0
1484,186,186.0
1485,186,186.0
1486,186,186.0
1487,186,186.0
1488,186,186.0
1489,186,186.0
1490,186,186.0
1491,186,186.0
1492,186,186.0
1493,186,186.0
1494,186,186.0
1495,186,186.0
1496,186,186.0
1497,186,186.0
1498,186,186.0
1499,186,186.0
1500,186,186.0
