Epochs,Best fitness,Average fitness
1,132,149.54
2,120,141.58
3,120,136.58
4,120,133.02
5,114,129.12
6,110,125.82
7,110,122.68
8,106,119.92
9,106,117.92
10,100,116.0
11,100,114.6
12,100,112.88
13,96,111.18
14,86,108.86
15,86,107.38
16,86,104.26
17,86,101.78
18,86,99.7
19,86,97.62
20,86,95.68
21,84,93.34
22,84,91.4
23,80,89.58
24,78,87.44
25,78,85.42
26,78,84.0
27,76,82.3
28,76,80.66
29,74,79.66
30,74,78.14
31,74,76.66
32,72,75.7
33,72,75.14
34,72,74.32
35,72,73.58
36,68,73.18
37,68,72.56
38,68,71.5
39,68,71.08
40,68,70.52
41,64,69.48
42,64,69.02
43,64,68.46
44,64,67.7
45,64,67.5
46,64,67.24
47,64,66.8
48,62,66.3
49,62,65.26
50,62,64.72
51,62,63.92
52,62,63.9
53,62,63.86
54,62,63.78
55,62,63.56
56,62,63.18
57,62,62.5
58,62,62.0
59,62,62.0
60,62,62.0
61,62,62.0
62,62,62.0
63,62,62.0
64,62,62.0
65,62,62.0
66,62,62.0
67,62,62.0
68,62,62.0
69,62,62.0
70,62,62.0
71,62,62.0
72,62,62.0
73,62,62.0
74,62,62.0
75,62,62.0
76,62,62.0
77,62,62.0
78,62,62.0
79,62,62.0
80,62,62.0
81,62,62.0
82,62,62.0
83,62,62.0
84,62,62.0
85,62,62.0
86,62,62.0
87,62,62.0
88,62,62.0
89,62,62.0
90,62,62.0
91,62,62.0
92,62,62.0
93,62,62.0
94,62,62.0
95,62,62.0
96,62,62.0
97,62,62.0
98,62,62.0
99,62,62.0
100,62,62.0
101,62,62.0
102,62,62.0
103,62,62.0
104,62,62.0
105,62,62.0
106,62,62.0
107,62,62.0
108,62,62.0
109,62,62.0
110,62,62.0
111,62,62.0
112,62,62.0
113,62,62.0
114,62,62.0
115,62,62.0
116,62,62.0
117,62,62.0
118,62,62.0
119,62,62.0
120,62,62.0
121,62,62.0
122,62,62.0
123,62,62.0
124,62,62.0
125,62,62.0
126,62,62.0
127,62,62.0
128,62,62.0
129,62,62.0
130,62,62.0
131,62,62.0
132,62,62.0
133,62,62.0
134,62,62.0
135,62,62.0
136,62,62.0
137,62,62.0
138,62,62.0
139,62,62.0
140,62,62.0
141,62,62.0
142,62,62.0
143,62,62.0
144,62,62.0
145,62,62.0
146,62,62.0
147,62,62.0
148,62,62.0
149,62,62.0
150,62,62.0
151,62,62.0
152,62,62.0
153,62,62.0
154,62,62.0
155,62,62.0
156,62,62.0
157,62,62.0
158,62,62.0
159,62,62.0
160,62,62.0
161,62,62.0
162,62,62.0
163,62,62.0
164,62,62.0
165,62,62.0
166,62,62.0
167,62,62.0
168,62,62.0
169,62,62.0
170,62,62.0
171,62,62.0
172,62,62.0
173,62,62.0
174,62,62.0
175,62,62.0
176,62,62.0
177,62,62.0
178,62,62.0
179,62,62.0
180,62,62.0
181,62,62.0
182,62,62.0
183,62,62.0
184,62,62.0
185,62,62.0
186,62,62.0
187,62,62.0
188,62,62.0
189,62,62.0
190,62,62.0
191,62,62.0
192,62,62.0
193,62,62.0
194,62,62.0
195,62,62.0
196,62,62.0
197,62,62.0
198,62,62.0
199,62,62.0
200,62,62.0
