Epochs,Best fitness,Average fitness
1,1372,2443.78021978022
2,1372,2438.4355644355646
3,1372,2434.5874125874125
4,1372,2427.5344655344657
5,1372,2423.6183816183816
6,1372,2418.875124875125
7,1372,2415.7242757242757
8,1372,2410.927072927073
9,1372,2403.352647352647
10,1372,2398.4175824175823
11,1372,2392.6113886113885
12,1372,2388.5274725274726
13,1372,2381.954045954046
14,1372,2377.1108891108893
15,1372,2373.254745254745
16,1372,2368.817182817183
17,1372,2362.8571428571427
18,1372,2356.9550449550447
19,1372,2351.3246753246754
20,1372,2348.285714285714
